FileFormat:0002.2 file with temperature of atmosphere
200
local	GMT or Local
0	GMT-Local=[hours]
0	Height[m]
0	0	0	Longitude                [grd]               [min]               [sec]
0	0	0	Latitude                [grd]               [min]               [sec]
N	NS
59,40	Freq[GHz]
0,00	dTemostat[K]
0,150	MessErr[K]
0,248	//[grad/step]
version 14.0.20110218
MTP5H033F5940K-33.00D180214+A1.1
Commentary:
enter comment
End Of Commentary

SYSTEM\alaska.dat
data time	0	50	100	150	200	250	300	350	400	450	500	550	600	OutsideTemperature	Quality
16/01/2021 00:00:00	-15,54	-17,23	-17,65	-17,50	-17,18	-16,88	-16,58	-16,33	-15,98	-15,61	-15,36	-15,13	-14,91	-15,48	0
16/01/2021 00:05:00	-15,54	-17,19	-17,79	-17,61	-17,25	-16,90	-16,49	-16,09	-15,63	-15,18	-14,87	-14,61	-14,35	-15,53	0
16/01/2021 00:10:00	-15,60	-17,25	-17,74	-17,60	-17,23	-16,91	-16,56	-16,22	-15,80	-15,37	-15,08	-14,82	-14,56	-15,63	0
16/01/2021 00:15:00	-15,56	-17,42	-17,91	-17,57	-17,12	-16,69	-16,26	-15,90	-15,49	-15,08	-14,83	-14,62	-14,41	-15,73	0
16/01/2021 00:20:00	-15,67	-17,51	-17,99	-17,64	-17,17	-16,82	-16,46	-16,17	-15,79	-15,40	-15,17	-14,98	-14,80	-15,75	0
16/01/2021 00:25:00	-15,73	-17,52	-18,00	-17,80	-17,41	-17,02	-16,62	-16,26	-15,85	-15,43	-15,14	-14,89	-14,64	-15,83	0
16/01/2021 00:30:00	-15,80	-17,49	-18,02	-17,80	-17,40	-17,04	-16,65	-16,28	-15,85	-15,41	-15,11	-14,84	-14,57	-15,83	0
16/01/2021 00:35:00	-15,89	-17,56	-18,10	-17,93	-17,67	-17,27	-16,86	-16,51	-16,10	-15,68	-15,40	-15,14	-14,87	-15,78	0
16/01/2021 00:40:00	-15,81	-17,64	-18,13	-17,84	-17,48	-17,06	-16,66	-16,34	-15,96	-15,57	-15,31	-15,08	-14,85	-15,84	0
16/01/2021 00:45:00	-15,88	-17,62	-18,03	-17,81	-17,37	-17,05	-16,73	-16,43	-16,05	-15,64	-15,38	-15,15	-14,92	-15,87	0
16/01/2021 00:50:00	-15,90	-17,60	-18,13	-17,94	-17,51	-17,10	-16,65	-16,23	-15,76	-15,29	-14,98	-14,69	-14,41	-15,90	0
16/01/2021 00:55:00	-15,86	-17,62	-18,13	-18,01	-17,76	-17,14	-16,57	-16,11	-15,68	-15,23	-14,92	-14,61	-14,31	-15,87	0
16/01/2021 01:00:00	-15,82	-17,55	-18,01	-17,81	-17,39	-16,96	-16,50	-16,09	-15,64	-15,19	-14,87	-14,59	-14,31	-15,85	0
16/01/2021 01:05:00	-15,81	-17,61	-18,10	-17,92	-17,50	-16,96	-16,42	-15,96	-15,49	-15,03	-14,72	-14,43	-14,14	-15,80	0
16/01/2021 01:10:00	-15,79	-17,50	-18,01	-17,85	-17,45	-16,96	-16,44	-15,97	-15,49	-15,01	-14,68	-14,37	-14,06	-15,85	0
16/01/2021 01:15:00	-15,72	-17,44	-18,03	-17,93	-17,69	-17,09	-16,49	-15,98	-15,50	-15,03	-14,68	-14,35	-14,02	-15,80	0
16/01/2021 01:20:00	-15,76	-17,40	-17,94	-17,88	-17,61	-17,11	-16,59	-16,13	-15,67	-15,21	-14,88	-14,56	-14,25	-15,85	0
16/01/2021 01:25:00	-15,72	-17,46	-17,94	-17,77	-17,46	-17,03	-16,61	-16,25	-15,85	-15,43	-15,14	-14,87	-14,61	-15,81	0
16/01/2021 01:30:00	-15,74	-17,40	-17,93	-17,85	-17,60	-17,09	-16,57	-16,13	-15,69	-15,24	-14,91	-14,60	-14,29	-15,77	0
16/01/2021 01:35:00	-15,79	-17,50	-17,96	-17,84	-17,56	-17,12	-16,69	-16,33	-15,94	-15,52	-15,22	-14,94	-14,66	-15,79	0
16/01/2021 01:40:00	-15,67	-17,43	-17,88	-17,64	-17,26	-16,96	-16,65	-16,38	-16,02	-15,64	-15,41	-15,21	-15,02	-15,71	0
16/01/2021 01:45:00	-15,69	-17,39	-17,87	-17,72	-17,59	-17,10	-16,66	-16,34	-16,01	-15,63	-15,38	-15,14	-14,89	-15,73	0
16/01/2021 01:50:00	-15,67	-17,35	-17,91	-17,82	-17,55	-17,12	-16,68	-16,30	-15,87	-15,44	-15,14	-14,86	-14,58	-15,70	0
16/01/2021 01:55:00	-15,69	-17,39	-17,98	-17,96	-17,65	-17,22	-16,73	-16,27	-15,78	-15,29	-14,94	-14,61	-14,28	-15,69	0
16/01/2021 02:00:00	-15,70	-17,39	-17,89	-17,70	-17,42	-17,10	-16,77	-16,49	-16,13	-15,75	-15,50	-15,28	-15,05	-15,72	0
16/01/2021 02:05:00	-15,70	-17,40	-17,99	-17,83	-17,46	-17,19	-16,86	-16,53	-16,09	-15,65	-15,36	-15,10	-14,85	-15,72	0
16/01/2021 02:10:00	-15,70	-17,35	-17,89	-17,80	-17,59	-17,30	-16,99	-16,70	-16,33	-15,93	-15,65	-15,39	-15,13	-15,77	0
16/01/2021 02:15:00	-15,71	-17,43	-17,92	-17,79	-17,43	-17,19	-16,91	-16,64	-16,26	-15,86	-15,60	-15,37	-15,15	-15,63	0
16/01/2021 02:20:00	-15,65	-17,28	-17,94	-17,99	-17,89	-17,45	-16,99	-16,58	-16,14	-15,69	-15,35	-15,01	-14,68	-15,64	0
16/01/2021 02:25:00	-15,77	-17,47	-18,02	-17,91	-17,66	-17,34	-17,00	-16,70	-16,31	-15,89	-15,61	-15,34	-15,08	-15,78	0
16/01/2021 02:30:00	-15,75	-17,44	-18,07	-17,94	-17,66	-17,42	-17,11	-16,80	-16,39	-15,96	-15,66	-15,40	-15,13	-15,82	0
16/01/2021 02:35:00	-15,74	-17,37	-18,02	-17,99	-17,75	-17,44	-17,07	-16,71	-16,26	-15,80	-15,49	-15,19	-14,90	-15,68	0
16/01/2021 02:40:00	-15,67	-17,37	-17,95	-17,89	-17,50	-17,29	-16,99	-16,65	-16,19	-15,74	-15,42	-15,14	-14,86	-15,73	0
16/01/2021 02:45:00	-15,63	-17,33	-17,94	-17,86	-17,52	-17,22	-16,83	-16,45	-15,98	-15,51	-15,18	-14,88	-14,58	-15,68	0
16/01/2021 02:50:00	-15,78	-17,48	-18,00	-17,81	-17,40	-17,23	-16,99	-16,74	-16,34	-15,93	-15,67	-15,46	-15,25	-15,75	0
16/01/2021 02:55:00	-15,78	-17,37	-17,90	-17,89	-17,65	-17,41	-17,13	-16,85	-16,47	-16,05	-15,75	-15,47	-15,18	-15,77	0
16/01/2021 03:00:00	-15,70	-17,31	-17,84	-17,83	-17,67	-17,42	-17,16	-16,92	-16,58	-16,20	-15,93	-15,67	-15,42	-15,74	0
16/01/2021 03:05:00	-15,65	-17,36	-17,97	-17,79	-17,53	-17,31	-17,06	-16,81	-16,44	-16,05	-15,80	-15,58	-15,36	-15,65	0
16/01/2021 03:10:00	-15,80	-17,33	-17,96	-17,94	-17,75	-17,51	-17,20	-16,87	-16,45	-16,00	-15,69	-15,40	-15,12	-15,72	0
16/01/2021 03:15:00	-15,74	-17,39	-17,99	-17,86	-17,68	-17,39	-17,09	-16,82	-16,46	-16,06	-15,80	-15,56	-15,32	-15,80	0
16/01/2021 03:20:00	-15,76	-17,36	-17,98	-17,88	-17,78	-17,47	-17,16	-16,89	-16,53	-16,15	-15,89	-15,64	-15,40	-15,65	0
16/01/2021 03:25:00	-15,61	-17,24	-17,78	-17,75	-17,58	-17,25	-16,91	-16,60	-16,23	-15,83	-15,54	-15,25	-14,97	-15,69	0
16/01/2021 03:30:00	-15,71	-17,25	-17,85	-17,89	-17,68	-17,38	-17,00	-16,61	-16,15	-15,68	-15,34	-15,01	-14,68	-15,73	0
16/01/2021 03:35:00	-15,65	-17,24	-17,78	-17,71	-17,55	-17,16	-16,76	-16,42	-16,03	-15,62	-15,33	-15,04	-14,76	-15,66	0
16/01/2021 03:40:00	-15,73	-17,31	-17,78	-17,69	-17,40	-17,10	-16,78	-16,49	-16,10	-15,70	-15,43	-15,19	-14,95	-15,65	0
16/01/2021 03:45:00	-15,75	-17,32	-17,78	-17,52	-17,20	-17,02	-16,83	-16,65	-16,33	-15,98	-15,76	-15,58	-15,41	-15,78	0
16/01/2021 03:50:00	-15,69	-17,30	-17,76	-17,64	-17,21	-16,94	-16,61	-16,28	-15,85	-15,41	-15,12	-14,86	-14,60	-15,72	0
16/01/2021 03:55:00	-15,71	-17,25	-17,84	-17,74	-17,43	-16,99	-16,49	-16,03	-15,53	-15,05	-14,71	-14,40	-14,09	-15,72	0
16/01/2021 04:00:00	-15,69	-17,25	-17,72	-17,72	-17,57	-17,10	-16,64	-16,25	-15,86	-15,44	-15,12	-14,81	-14,50	-15,68	0
16/01/2021 04:05:00	-15,66	-17,21	-17,68	-17,54	-17,26	-16,93	-16,58	-16,27	-15,88	-15,48	-15,21	-14,96	-14,72	-15,70	0
16/01/2021 04:10:00	-15,64	-17,17	-17,72	-17,60	-17,27	-17,00	-16,67	-16,34	-15,91	-15,48	-15,19	-14,94	-14,68	-15,67	0
16/01/2021 04:15:00	-15,63	-17,04	-17,57	-17,57	-17,45	-17,10	-16,73	-16,40	-16,02	-15,60	-15,30	-15,01	-14,71	-15,60	0
16/01/2021 04:20:00	-15,60	-17,09	-17,71	-17,76	-17,58	-17,22	-16,80	-16,37	-15,90	-15,43	-15,08	-14,75	-14,43	-15,60	0
16/01/2021 04:25:00	-15,59	-17,17	-17,76	-17,75	-17,58	-17,28	-16,94	-16,61	-16,21	-15,78	-15,47	-15,18	-14,89	-15,60	0
16/01/2021 04:30:00	-15,72	-17,40	-17,87	-17,51	-17,16	-16,90	-16,65	-16,45	-16,14	-15,80	-15,61	-15,47	-15,32	-15,71	0
16/01/2021 04:35:00	-15,77	-17,44	-17,92	-17,61	-17,23	-16,93	-16,62	-16,36	-15,99	-15,61	-15,39	-15,22	-15,04	-15,78	0
16/01/2021 04:40:00	-15,76	-17,40	-17,84	-17,49	-17,11	-17,02	-16,92	-16,82	-16,54	-16,23	-16,07	-15,96	-15,84	-15,75	0
16/01/2021 04:45:00	-15,79	-17,45	-17,92	-17,45	-17,05	-16,91	-16,78	-16,68	-16,40	-16,10	-15,96	-15,89	-15,81	-15,87	0
16/01/2021 04:50:00	-15,82	-17,44	-17,93	-17,83	-17,47	-17,20	-16,87	-16,54	-16,11	-15,67	-15,37	-15,11	-14,84	-15,77	0
16/01/2021 04:55:00	-15,82	-17,51	-18,05	-17,91	-17,63	-17,36	-17,05	-16,77	-16,38	-15,97	-15,70	-15,45	-15,20	-15,85	0
16/01/2021 05:00:00	-15,88	-17,54	-18,03	-18,00	-17,84	-17,43	-17,04	-16,71	-16,34	-15,93	-15,64	-15,35	-15,06	-15,98	0
16/01/2021 05:05:00	-15,92	-17,52	-18,07	-18,27	-18,05	-17,66	-17,20	-16,75	-16,27	-15,76	-15,37	-14,97	-14,57	-15,96	0
16/01/2021 05:10:00	-15,89	-17,55	-18,11	-18,02	-17,83	-17,55	-17,26	-17,00	-16,64	-16,25	-15,98	-15,74	-15,50	-15,93	0
16/01/2021 05:15:00	-16,00	-17,60	-18,22	-18,24	-18,14	-17,69	-17,22	-16,81	-16,37	-15,92	-15,58	-15,24	-14,91	-16,03	0
16/01/2021 05:20:00	-16,09	-17,75	-18,31	-18,23	-17,97	-17,56	-17,15	-16,77	-16,34	-15,90	-15,59	-15,30	-15,00	-15,98	0
16/01/2021 05:25:00	-16,05	-17,75	-18,26	-18,04	-17,72	-17,46	-17,18	-16,93	-16,58	-16,19	-15,95	-15,74	-15,52	-16,03	0
16/01/2021 05:30:00	-16,13	-17,74	-18,32	-18,17	-17,84	-17,48	-17,08	-16,71	-16,27	-15,82	-15,52	-15,26	-15,00	-16,13	0
16/01/2021 05:35:00	-16,18	-17,75	-18,21	-17,99	-17,63	-17,45	-17,23	-17,03	-16,67	-16,30	-16,07	-15,87	-15,68	-16,04	0
16/01/2021 05:40:00	-16,16	-17,85	-18,25	-17,88	-17,38	-17,23	-17,04	-16,86	-16,51	-16,15	-15,95	-15,80	-15,66	-16,20	0
16/01/2021 05:45:00	-16,20	-17,79	-18,25	-18,15	-17,79	-17,47	-17,11	-16,75	-16,31	-15,86	-15,55	-15,26	-14,98	-16,23	0
16/01/2021 05:50:00	-16,21	-17,91	-18,42	-18,04	-17,61	-17,23	-16,84	-16,51	-16,10	-15,70	-15,45	-15,26	-15,07	-16,29	0
16/01/2021 05:55:00	-16,25	-17,91	-18,48	-18,20	-17,72	-17,27	-16,75	-16,27	-15,74	-15,25	-14,93	-14,67	-14,41	-16,27	0
16/01/2021 06:00:00	-16,20	-17,88	-18,43	-18,23	-17,76	-17,38	-16,93	-16,49	-15,98	-15,50	-15,17	-14,88	-14,59	-16,20	0
16/01/2021 06:05:00	-16,26	-17,78	-18,37	-18,26	-17,96	-17,46	-16,91	-16,42	-15,90	-15,41	-15,06	-14,75	-14,43	-16,23	0
16/01/2021 06:10:00	-16,24	-17,72	-18,34	-18,37	-18,13	-17,68	-17,15	-16,64	-16,11	-15,59	-15,21	-14,84	-14,48	-16,20	0
16/01/2021 06:15:00	-16,06	-17,72	-18,17	-17,85	-17,46	-17,23	-16,98	-16,76	-16,41	-16,04	-15,82	-15,65	-15,47	-16,04	0
16/01/2021 06:20:00	-16,07	-17,65	-18,21	-18,04	-17,76	-17,47	-17,14	-16,81	-16,40	-15,97	-15,68	-15,43	-15,18	-16,12	0
16/01/2021 06:25:00	-16,13	-17,67	-18,16	-17,96	-17,80	-17,53	-17,28	-17,09	-16,80	-16,45	-16,23	-16,02	-15,82	-16,10	0
16/01/2021 06:30:00	-16,06	-17,60	-18,08	-17,93	-17,60	-17,51	-17,37	-17,20	-16,85	-16,47	-16,23	-16,01	-15,80	-16,09	0
16/01/2021 06:35:00	-15,98	-17,59	-18,07	-17,89	-17,66	-17,42	-17,18	-16,97	-16,65	-16,28	-16,04	-15,81	-15,59	-16,07	0
16/01/2021 06:40:00	-16,00	-17,57	-18,13	-18,02	-17,73	-17,45	-17,11	-16,78	-16,35	-15,91	-15,61	-15,33	-15,05	-15,95	0
16/01/2021 06:45:00	-15,95	-17,53	-17,91	-17,80	-17,58	-17,37	-17,18	-17,03	-16,74	-16,40	-16,18	-15,96	-15,75	-15,98	0
16/01/2021 06:50:00	-15,91	-17,42	-17,89	-17,69	-17,43	-17,32	-17,17	-17,01	-16,68	-16,33	-16,11	-15,94	-15,76	-15,93	0
16/01/2021 06:55:00	-15,84	-17,38	-17,93	-17,89	-17,76	-17,57	-17,34	-17,11	-16,77	-16,37	-16,10	-15,84	-15,58	-15,87	0
16/01/2021 07:00:00	-15,86	-17,41	-17,90	-17,81	-17,72	-17,57	-17,44	-17,34	-17,10	-16,79	-16,59	-16,39	-16,20	-15,89	0
16/01/2021 07:05:00	-15,84	-17,47	-17,95	-17,65	-17,38	-17,40	-17,41	-17,41	-17,18	-16,90	-16,76	-16,66	-16,56	-15,88	0
16/01/2021 07:10:00	-15,82	-17,34	-17,87	-17,91	-17,83	-17,71	-17,58	-17,43	-17,14	-16,78	-16,53	-16,29	-16,05	-15,85	0
16/01/2021 07:15:00	-15,83	-17,45	-17,95	-17,93	-17,84	-17,63	-17,45	-17,29	-17,02	-16,67	-16,44	-16,21	-15,99	-15,89	0
16/01/2021 07:20:00	-15,85	-17,52	-18,09	-18,16	-18,16	-17,78	-17,43	-17,15	-16,82	-16,42	-16,13	-15,83	-15,53	-15,95	0
16/01/2021 07:25:00	-16,00	-17,67	-18,27	-18,14	-17,88	-17,79	-17,62	-17,43	-17,07	-16,67	-16,42	-16,20	-15,99	-16,11	0
16/01/2021 07:30:00	-16,12	-17,74	-18,41	-18,47	-18,40	-18,12	-17,79	-17,47	-17,06	-16,62	-16,29	-15,98	-15,67	-16,14	0
16/01/2021 07:35:00	-16,14	-17,79	-18,43	-18,42	-18,32	-18,02	-17,70	-17,40	-17,02	-16,60	-16,30	-16,02	-15,73	-16,13	0
16/01/2021 07:40:00	-16,19	-17,87	-18,37	-18,37	-18,11	-17,88	-17,62	-17,36	-16,97	-16,55	-16,25	-15,97	-15,68	-16,21	0
16/01/2021 07:45:00	-16,11	-17,79	-18,37	-18,31	-18,10	-17,85	-17,56	-17,28	-16,89	-16,46	-16,17	-15,89	-15,62	-16,17	0
16/01/2021 07:50:00	-16,07	-17,71	-18,23	-18,14	-17,90	-17,75	-17,57	-17,38	-17,04	-16,66	-16,40	-16,16	-15,93	-16,12	0
16/01/2021 07:55:00	-15,96	-17,58	-18,17	-18,27	-18,05	-17,93	-17,73	-17,47	-17,06	-16,62	-16,30	-15,99	-15,68	-15,93	0
16/01/2021 08:00:00	-15,97	-17,57	-18,17	-18,09	-17,90	-17,76	-17,55	-17,33	-16,96	-16,56	-16,29	-16,06	-15,82	-16,09	0
16/01/2021 08:05:00	-16,11	-17,65	-18,28	-18,30	-18,16	-17,81	-17,41	-17,03	-16,60	-16,14	-15,81	-15,48	-15,16	-15,97	0
16/01/2021 08:10:00	-16,06	-17,57	-18,12	-18,07	-17,90	-17,75	-17,56	-17,35	-16,99	-16,60	-16,33	-16,09	-15,84	-16,17	0
16/01/2021 08:15:00	-16,09	-17,52	-18,07	-18,06	-18,02	-17,87	-17,71	-17,55	-17,25	-16,88	-16,63	-16,39	-16,15	-16,05	0
16/01/2021 08:20:00	-16,08	-17,55	-18,11	-18,02	-17,88	-17,79	-17,67	-17,51	-17,19	-16,82	-16,57	-16,34	-16,12	-16,15	0
16/01/2021 08:25:00	-16,11	-17,63	-18,14	-18,16	-17,96	-17,79	-17,60	-17,39	-17,04	-16,65	-16,37	-16,09	-15,82	-16,07	0
16/01/2021 08:30:00	-16,03	-17,53	-17,99	-18,03	-17,85	-17,74	-17,60	-17,45	-17,13	-16,76	-16,50	-16,24	-15,97	-16,13	0
16/01/2021 08:35:00	-15,95	-17,55	-18,11	-18,18	-18,11	-17,85	-17,58	-17,32	-16,97	-16,57	-16,28	-16,00	-15,71	-15,88	0
16/01/2021 08:40:00	-16,01	-17,53	-18,14	-18,22	-17,97	-17,83	-17,60	-17,30	-16,86	-16,41	-16,08	-15,78	-15,47	-15,97	0
16/01/2021 08:45:00	-16,04	-17,65	-18,27	-18,31	-18,16	-17,85	-17,49	-17,14	-16,71	-16,25	-15,92	-15,60	-15,28	-16,15	0
16/01/2021 08:50:00	-16,11	-17,65	-18,25	-18,34	-18,20	-17,88	-17,51	-17,16	-16,73	-16,28	-15,94	-15,61	-15,27	-16,14	0
16/01/2021 08:55:00	-16,09	-17,71	-18,17	-18,06	-17,87	-17,78	-17,68	-17,59	-17,32	-16,99	-16,79	-16,60	-16,41	-16,12	0
16/01/2021 09:00:00	-16,04	-17,81	-18,36	-18,15	-17,94	-17,66	-17,41	-17,21	-16,91	-16,55	-16,34	-16,16	-15,97	-16,02	0
16/01/2021 09:05:00	-16,12	-17,70	-18,22	-18,26	-18,20	-18,02	-17,83	-17,65	-17,35	-16,97	-16,71	-16,44	-16,17	-16,09	0
16/01/2021 09:10:00	-16,07	-17,69	-18,24	-18,30	-18,13	-17,89	-17,62	-17,36	-16,98	-16,56	-16,27	-15,98	-15,69	-16,15	0
16/01/2021 09:15:00	-16,11	-17,70	-18,32	-18,38	-18,17	-17,98	-17,71	-17,41	-16,98	-16,52	-16,20	-15,89	-15,58	-16,08	0
16/01/2021 09:20:00	-16,03	-17,72	-18,28	-18,28	-18,09	-17,80	-17,48	-17,18	-16,79	-16,37	-16,08	-15,80	-15,52	-16,15	0
16/01/2021 09:25:00	-16,09	-17,79	-18,42	-18,41	-18,13	-17,86	-17,51	-17,14	-16,68	-16,20	-15,86	-15,55	-15,24	-16,15	0
16/01/2021 09:30:00	-16,16	-17,88	-18,39	-18,17	-18,02	-17,84	-17,69	-17,59	-17,34	-17,02	-16,84	-16,69	-16,54	-16,15	0
16/01/2021 09:35:00	-16,23	-17,90	-18,57	-18,76	-18,67	-18,38	-18,04	-17,70	-17,28	-16,81	-16,47	-16,12	-15,77	-16,22	0
16/01/2021 09:40:00	-16,27	-17,92	-18,67	-18,86	-18,61	-18,44	-18,14	-17,75	-17,24	-16,72	-16,34	-15,97	-15,60	-16,34	0
16/01/2021 09:45:00	-16,22	-17,97	-18,60	-18,56	-18,32	-18,34	-18,29	-18,17	-17,84	-17,45	-17,21	-16,98	-16,76	-16,17	0
16/01/2021 09:50:00	-16,38	-17,98	-18,63	-18,75	-18,75	-18,61	-18,45	-18,28	-17,96	-17,56	-17,29	-17,01	-16,73	-16,43	0
16/01/2021 09:55:00	-16,41	-18,05	-18,81	-18,98	-18,97	-18,87	-18,69	-18,46	-18,07	-17,63	-17,32	-17,01	-16,70	-16,45	0
16/01/2021 10:00:00	-16,41	-18,13	-18,84	-19,00	-19,00	-18,90	-18,75	-18,57	-18,24	-17,82	-17,53	-17,24	-16,94	-16,49	0
16/01/2021 10:05:00	-16,54	-18,21	-18,84	-19,13	-19,08	-19,03	-18,92	-18,74	-18,39	-17,96	-17,64	-17,31	-16,99	-16,58	0
16/01/2021 10:10:00	-16,59	-18,26	-18,98	-19,12	-18,96	-18,87	-18,68	-18,42	-17,99	-17,52	-17,18	-16,87	-16,55	-16,52	0
16/01/2021 10:15:00	-16,61	-18,22	-18,91	-19,21	-19,15	-19,02	-18,80	-18,51	-18,09	-17,61	-17,25	-16,88	-16,51	-16,61	0
16/01/2021 10:20:00	-16,69	-18,30	-19,07	-19,26	-19,30	-19,07	-18,79	-18,50	-18,10	-17,65	-17,32	-16,99	-16,65	-16,69	0
16/01/2021 10:25:00	-16,61	-18,44	-19,05	-18,94	-18,70	-18,70	-18,64	-18,55	-18,23	-17,86	-17,63	-17,43	-17,23	-16,67	0
16/01/2021 10:30:00	-16,61	-18,28	-18,98	-19,12	-19,02	-18,89	-18,68	-18,43	-18,02	-17,56	-17,24	-16,93	-16,62	-16,68	0
16/01/2021 10:35:00	-16,60	-18,31	-18,99	-19,02	-18,94	-18,77	-18,57	-18,35	-17,99	-17,57	-17,28	-17,00	-16,73	-16,75	0
16/01/2021 10:40:00	-16,60	-18,23	-18,90	-19,03	-18,90	-18,85	-18,70	-18,48	-18,08	-17,63	-17,31	-17,01	-16,71	-16,66	0
16/01/2021 10:45:00	-16,54	-18,27	-18,82	-18,90	-18,68	-18,76	-18,76	-18,69	-18,38	-18,00	-17,74	-17,50	-17,26	-16,62	0
16/01/2021 10:50:00	-16,45	-18,19	-18,88	-18,97	-18,96	-18,70	-18,44	-18,19	-17,84	-17,42	-17,13	-16,85	-16,57	-16,55	0
16/01/2021 10:55:00	-16,46	-18,11	-18,74	-18,79	-18,68	-18,59	-18,42	-18,22	-17,85	-17,43	-17,13	-16,84	-16,56	-16,64	0
16/01/2021 11:00:00	-16,52	-18,15	-18,86	-18,85	-18,74	-18,65	-18,50	-18,32	-17,96	-17,55	-17,29	-17,06	-16,83	-16,60	0
16/01/2021 11:05:00	-16,51	-18,18	-18,89	-19,08	-18,93	-18,73	-18,43	-18,09	-17,63	-17,14	-16,77	-16,43	-16,08	-16,42	0
16/01/2021 11:10:00	-16,47	-18,17	-18,82	-18,89	-18,81	-18,67	-18,48	-18,28	-17,94	-17,53	-17,26	-16,99	-16,73	-16,47	0
16/01/2021 11:15:00	-16,41	-18,11	-18,72	-18,67	-18,54	-18,44	-18,31	-18,18	-17,87	-17,50	-17,27	-17,06	-16,85	-16,46	0
16/01/2021 11:20:00	-16,38	-18,08	-18,73	-18,65	-18,58	-18,34	-18,11	-17,91	-17,58	-17,20	-16,96	-16,73	-16,50	-16,43	0
16/01/2021 11:25:00	-16,33	-18,07	-18,66	-18,66	-18,55	-18,27	-18,00	-17,76	-17,43	-17,03	-16,76	-16,49	-16,22	-16,24	0
16/01/2021 11:30:00	-16,32	-18,03	-18,66	-18,67	-18,53	-18,40	-18,24	-18,05	-17,71	-17,31	-17,05	-16,80	-16,56	-16,32	0
16/01/2021 11:35:00	-16,30	-18,00	-18,66	-18,70	-18,36	-18,21	-17,95	-17,63	-17,16	-16,68	-16,36	-16,06	-15,77	-16,23	0
16/01/2021 11:40:00	-16,23	-17,92	-18,56	-18,68	-18,60	-18,45	-18,26	-18,06	-17,71	-17,31	-17,03	-16,77	-16,50	-16,43	0
16/01/2021 11:45:00	-16,21	-18,01	-18,76	-18,69	-18,43	-18,21	-17,91	-17,59	-17,14	-16,68	-16,38	-16,11	-15,84	-16,38	0
16/01/2021 11:50:00	-16,27	-17,97	-18,57	-18,49	-18,30	-18,17	-18,00	-17,83	-17,50	-17,12	-16,89	-16,69	-16,50	-16,22	0
16/01/2021 11:55:00	-16,16	-17,92	-18,54	-18,65	-18,59	-18,46	-18,30	-18,13	-17,82	-17,43	-17,14	-16,86	-16,57	-16,20	0
16/01/2021 12:00:00	-16,17	-17,83	-18,53	-18,77	-18,76	-18,57	-18,33	-18,07	-17,69	-17,25	-16,92	-16,59	-16,26	-16,30	0
16/01/2021 12:05:00	-16,17	-17,77	-18,49	-18,79	-18,92	-18,74	-18,54	-18,32	-17,98	-17,56	-17,25	-16,93	-16,61	-16,37	0
16/01/2021 12:10:00	-16,16	-17,78	-18,56	-18,85	-18,87	-18,76	-18,55	-18,28	-17,87	-17,40	-17,04	-16,68	-16,32	-16,33	0
16/01/2021 12:15:00	-16,34	-17,98	-18,67	-18,77	-18,74	-18,72	-18,63	-18,49	-18,17	-17,78	-17,51	-17,26	-17,01	-16,24	0
16/01/2021 12:20:00	-16,34	-17,87	-18,59	-18,89	-18,86	-18,80	-18,63	-18,38	-17,96	-17,49	-17,14	-16,79	-16,45	-16,31	0
16/01/2021 12:25:00	-16,31	-17,88	-18,57	-18,80	-18,89	-18,90	-18,85	-18,73	-18,42	-18,03	-17,75	-17,47	-17,20	-16,17	0
16/01/2021 12:30:00	-16,29	-17,97	-18,58	-18,80	-18,83	-18,74	-18,63	-18,50	-18,20	-17,81	-17,53	-17,24	-16,95	-16,29	0
16/01/2021 12:35:00	-16,25	-17,95	-18,69	-18,75	-18,85	-18,79	-18,71	-18,61	-18,34	-17,98	-17,74	-17,51	-17,27	-16,18	0
16/01/2021 12:40:00	-16,28	-17,80	-18,57	-18,90	-19,00	-18,96	-18,83	-18,62	-18,25	-17,81	-17,47	-17,13	-16,78	-16,25	0
16/01/2021 12:45:00	-16,17	-17,81	-18,58	-18,71	-18,75	-18,81	-18,78	-18,68	-18,37	-17,98	-17,72	-17,46	-17,21	-16,28	0
16/01/2021 12:50:00	-16,21	-17,81	-18,52	-18,70	-18,81	-18,78	-18,73	-18,63	-18,36	-17,99	-17,73	-17,47	-17,20	-16,35	0
16/01/2021 12:55:00	-16,23	-17,99	-18,53	-18,66	-18,65	-18,69	-18,71	-18,71	-18,49	-18,16	-17,94	-17,71	-17,49	-16,32	0
16/01/2021 13:00:00	-16,24	-17,91	-18,58	-18,87	-19,00	-18,97	-18,92	-18,83	-18,56	-18,18	-17,90	-17,60	-17,30	-16,18	0
16/01/2021 13:05:00	-16,26	-17,94	-18,68	-18,85	-18,87	-18,83	-18,73	-18,58	-18,25	-17,85	-17,56	-17,27	-16,98	-16,35	0
16/01/2021 13:10:00	-16,17	-17,94	-18,67	-18,92	-18,97	-18,94	-18,88	-18,76	-18,46	-18,06	-17,78	-17,49	-17,20	-16,22	0
16/01/2021 13:15:00	-16,23	-17,85	-18,64	-18,97	-19,11	-18,99	-18,81	-18,59	-18,24	-17,80	-17,48	-17,13	-16,79	-16,23	0
16/01/2021 13:20:00	-16,26	-17,90	-18,44	-18,56	-18,57	-18,73	-18,87	-18,95	-18,77	-18,47	-18,29	-18,10	-17,92	-16,09	0
16/01/2021 13:25:00	-16,17	-17,87	-18,52	-18,48	-18,41	-18,51	-18,58	-18,60	-18,37	-18,05	-17,86	-17,69	-17,52	-16,14	0
16/01/2021 13:30:00	-16,00	-17,71	-18,24	-18,25	-18,24	-18,33	-18,41	-18,47	-18,29	-18,01	-17,84	-17,68	-17,51	-16,02	0
16/01/2021 13:35:00	-16,03	-17,67	-18,26	-18,41	-18,30	-18,32	-18,28	-18,18	-17,87	-17,49	-17,23	-16,98	-16,73	-16,07	0
16/01/2021 13:40:00	-16,00	-17,58	-18,28	-18,65	-18,93	-18,64	-18,36	-18,10	-17,78	-17,37	-17,06	-16,71	-16,37	-15,90	0
16/01/2021 13:45:00	-16,05	-17,65	-18,31	-18,56	-18,60	-18,54	-18,41	-18,23	-17,89	-17,48	-17,18	-16,87	-16,57	-16,07	0
16/01/2021 13:50:00	-16,04	-17,74	-18,48	-18,70	-18,56	-18,51	-18,35	-18,11	-17,70	-17,24	-16,91	-16,60	-16,28	-15,99	0
16/01/2021 13:55:00	-16,04	-17,69	-18,34	-18,39	-18,25	-18,34	-18,34	-18,26	-17,94	-17,57	-17,34	-17,13	-16,92	-16,02	0
16/01/2021 14:00:00	-15,93	-17,59	-18,30	-18,43	-18,33	-18,49	-18,53	-18,47	-18,15	-17,77	-17,53	-17,31	-17,09	-15,91	0
16/01/2021 14:05:00	-15,98	-17,64	-18,22	-18,26	-18,05	-18,36	-18,57	-18,65	-18,41	-18,09	-17,90	-17,74	-17,57	-15,93	0
16/01/2021 14:10:00	-15,95	-17,68	-18,26	-18,35	-18,40	-18,41	-18,43	-18,44	-18,25	-17,95	-17,76	-17,56	-17,36	-15,81	0
16/01/2021 14:15:00	-16,03	-17,70	-18,40	-18,66	-18,74	-18,74	-18,70	-18,60	-18,31	-17,93	-17,66	-17,38	-17,10	-15,96	0
16/01/2021 14:20:00	-15,97	-17,59	-18,23	-18,47	-18,57	-18,62	-18,63	-18,60	-18,35	-18,01	-17,76	-17,50	-17,24	-16,00	0
16/01/2021 14:25:00	-15,95	-17,54	-18,25	-18,50	-18,57	-18,67	-18,69	-18,62	-18,33	-17,95	-17,68	-17,41	-17,13	-15,86	0
16/01/2021 14:30:00	-15,91	-17,54	-18,25	-18,47	-18,65	-18,75	-18,83	-18,86	-18,66	-18,35	-18,14	-17,92	-17,71	-15,94	0
16/01/2021 14:35:00	-15,95	-17,55	-18,20	-18,32	-18,46	-18,71	-18,94	-19,08	-18,94	-18,67	-18,51	-18,35	-18,19	-15,95	0
16/01/2021 14:40:00	-15,91	-17,57	-18,23	-18,43	-18,40	-18,68	-18,87	-18,94	-18,70	-18,37	-18,15	-17,93	-17,72	-15,96	0
16/01/2021 14:45:00	-15,93	-17,48	-18,13	-18,43	-18,68	-19,00	-19,28	-19,44	-19,30	-19,02	-18,83	-18,62	-18,41	-15,86	0
16/01/2021 14:50:00	-15,96	-17,55	-18,29	-18,71	-19,06	-19,08	-19,07	-19,02	-18,79	-18,43	-18,15	-17,83	-17,51	-15,82	0
16/01/2021 14:55:00	-15,99	-17,51	-18,29	-18,60	-18,74	-19,03	-19,20	-19,22	-18,95	-18,58	-18,33	-18,07	-17,81	-15,92	0
16/01/2021 15:00:00	-15,96	-17,56	-18,26	-18,64	-18,85	-19,02	-19,13	-19,15	-18,93	-18,59	-18,33	-18,04	-17,76	-15,88	0
16/01/2021 15:05:00	-15,90	-17,53	-18,19	-18,51	-18,58	-18,89	-19,10	-19,17	-18,94	-18,59	-18,35	-18,09	-17,83	-15,70	0
16/01/2021 15:10:00	-15,74	-17,32	-18,04	-18,39	-18,60	-18,79	-18,93	-18,97	-18,75	-18,41	-18,16	-17,90	-17,63	-15,69	0
16/01/2021 15:15:00	-15,73	-17,32	-18,13	-18,56	-18,73	-18,91	-18,98	-18,92	-18,61	-18,20	-17,90	-17,58	-17,26	-16,03	0
16/01/2021 15:20:00	-15,95	-17,51	-18,12	-18,37	-18,43	-18,93	-19,32	-19,54	-19,39	-19,10	-18,92	-18,74	-18,55	-16,02	0
16/01/2021 15:25:00	-16,03	-17,49	-18,16	-18,60	-18,94	-19,14	-19,30	-19,37	-19,19	-18,86	-18,61	-18,31	-18,01	-15,98	0
16/01/2021 15:30:00	-16,02	-17,51	-18,14	-18,47	-18,70	-19,07	-19,39	-19,59	-19,46	-19,19	-19,00	-18,78	-18,56	-16,02	0
16/01/2021 15:35:00	-15,95	-17,36	-18,02	-18,27	-18,47	-18,87	-19,19	-19,37	-19,22	-18,93	-18,74	-18,54	-18,33	-15,95	0
16/01/2021 15:40:00	-16,02	-17,49	-18,15	-18,45	-18,73	-18,99	-19,21	-19,33	-19,18	-18,88	-18,68	-18,46	-18,23	-16,00	0
16/01/2021 15:45:00	-15,95	-17,43	-18,11	-18,35	-18,51	-18,90	-19,21	-19,38	-19,22	-18,92	-18,73	-18,52	-18,31	-15,91	0
16/01/2021 15:50:00	-16,00	-17,41	-18,13	-18,56	-18,90	-19,02	-19,09	-19,07	-18,83	-18,47	-18,20	-17,88	-17,57	-15,93	0
16/01/2021 15:55:00	-15,97	-17,47	-18,06	-18,42	-18,68	-18,99	-19,27	-19,43	-19,30	-19,01	-18,81	-18,57	-18,34	-15,83	0
16/01/2021 16:00:00	-16,00	-17,44	-18,07	-18,39	-18,65	-19,06	-19,40	-19,61	-19,48	-19,20	-19,01	-18,80	-18,58	-16,04	0
16/01/2021 16:05:00	-15,98	-17,39	-18,00	-18,34	-18,73	-19,09	-19,44	-19,69	-19,63	-19,39	-19,22	-19,02	-18,81	-15,96	0
16/01/2021 16:10:00	-15,92	-17,42	-18,09	-18,39	-18,63	-18,99	-19,28	-19,45	-19,31	-19,02	-18,82	-18,59	-18,36	-15,87	0
16/01/2021 16:15:00	-15,94	-17,39	-18,04	-18,49	-18,75	-18,99	-19,17	-19,24	-19,04	-18,70	-18,45	-18,16	-17,87	-15,97	0
16/01/2021 16:20:00	-15,91	-17,44	-18,04	-18,32	-18,61	-18,91	-19,18	-19,36	-19,25	-18,99	-18,80	-18,58	-18,36	-15,91	0
16/01/2021 16:25:00	-15,95	-17,45	-18,04	-18,36	-18,72	-19,06	-19,39	-19,64	-19,58	-19,34	-19,18	-18,97	-18,76	-16,02	0
16/01/2021 16:30:00	-16,03	-17,53	-18,13	-18,38	-18,53	-19,01	-19,43	-19,69	-19,58	-19,32	-19,15	-18,97	-18,79	-16,09	0
16/01/2021 16:35:00	-16,05	-17,54	-18,16	-18,55	-18,81	-19,26	-19,64	-19,86	-19,74	-19,46	-19,26	-19,03	-18,79	-16,12	0
16/01/2021 16:40:00	-16,06	-17,59	-18,16	-18,41	-18,77	-19,01	-19,28	-19,49	-19,43	-19,20	-19,05	-18,86	-18,68	-16,03	0
16/01/2021 16:45:00	-16,02	-17,48	-18,09	-18,31	-18,60	-18,95	-19,27	-19,49	-19,39	-19,14	-18,98	-18,80	-18,62	-16,00	0
16/01/2021 16:50:00	-15,97	-17,45	-18,07	-18,38	-18,68	-19,07	-19,42	-19,66	-19,56	-19,30	-19,13	-18,91	-18,70	-16,08	0
16/01/2021 16:55:00	-16,05	-17,46	-18,02	-18,34	-18,60	-18,95	-19,25	-19,43	-19,31	-19,02	-18,82	-18,58	-18,34	-16,11	0
16/01/2021 17:00:00	-16,07	-17,35	-17,92	-18,25	-18,54	-19,03	-19,45	-19,73	-19,64	-19,39	-19,22	-19,02	-18,82	-16,10	0
16/01/2021 17:05:00	-15,92	-17,28	-17,88	-18,26	-18,61	-18,97	-19,29	-19,50	-19,40	-19,13	-18,94	-18,71	-18,47	-15,95	0
16/01/2021 17:10:00	-15,94	-17,33	-17,83	-18,16	-18,53	-18,99	-19,44	-19,78	-19,77	-19,57	-19,44	-19,26	-19,08	-16,06	0
16/01/2021 17:15:00	-15,92	-17,29	-17,95	-18,28	-18,64	-19,19	-19,68	-20,01	-19,95	-19,71	-19,55	-19,36	-19,17	-15,97	0
16/01/2021 17:20:00	-15,99	-17,37	-17,98	-18,34	-18,67	-19,18	-19,62	-19,90	-19,82	-19,57	-19,39	-19,18	-18,96	-15,97	0
16/01/2021 17:25:00	-15,96	-17,44	-18,01	-18,27	-18,57	-19,09	-19,59	-19,94	-19,92	-19,71	-19,58	-19,43	-19,27	-15,93	0
16/01/2021 17:30:00	-15,97	-17,44	-18,04	-18,38	-18,76	-19,20	-19,61	-19,90	-19,86	-19,63	-19,48	-19,28	-19,09	-16,00	0
16/01/2021 17:35:00	-16,05	-17,58	-18,11	-18,43	-18,75	-19,18	-19,60	-19,90	-19,87	-19,65	-19,50	-19,32	-19,13	-16,02	0
16/01/2021 17:40:00	-16,17	-17,56	-18,17	-18,46	-18,81	-19,29	-19,73	-20,05	-20,00	-19,78	-19,64	-19,47	-19,29	-16,14	0
16/01/2021 17:45:00	-16,20	-17,58	-18,13	-18,47	-18,80	-19,29	-19,74	-20,06	-20,01	-19,77	-19,60	-19,38	-19,17	-16,03	0
16/01/2021 17:50:00	-16,22	-17,56	-18,09	-18,36	-18,68	-19,23	-19,74	-20,10	-20,07	-19,86	-19,73	-19,57	-19,41	-16,11	0
16/01/2021 17:55:00	-16,02	-17,44	-18,07	-18,45	-18,83	-19,27	-19,67	-19,95	-19,89	-19,65	-19,48	-19,26	-19,05	-16,09	0
16/01/2021 18:00:00	-16,11	-17,48	-18,18	-18,50	-18,91	-19,32	-19,70	-19,95	-19,87	-19,62	-19,46	-19,27	-19,08	-16,14	0
16/01/2021 18:05:00	-16,12	-17,51	-18,04	-18,32	-18,58	-19,10	-19,58	-19,92	-19,88	-19,66	-19,53	-19,38	-19,22	-16,08	0
16/01/2021 18:10:00	-16,09	-17,52	-18,16	-18,48	-18,79	-19,26	-19,69	-19,97	-19,89	-19,64	-19,47	-19,27	-19,06	-16,17	0
16/01/2021 18:15:00	-16,03	-17,47	-18,06	-18,36	-18,69	-19,22	-19,71	-20,05	-20,01	-19,79	-19,65	-19,48	-19,30	-16,02	0
16/01/2021 18:20:00	-16,02	-17,47	-17,99	-18,43	-18,77	-19,26	-19,71	-20,03	-19,98	-19,75	-19,58	-19,37	-19,16	-16,10	0
16/01/2021 18:25:00	-16,08	-17,51	-18,05	-18,30	-18,55	-19,12	-19,63	-20,00	-19,96	-19,75	-19,62	-19,48	-19,33	-16,15	0
16/01/2021 18:30:00	-16,04	-17,55	-18,05	-18,27	-18,49	-18,99	-19,48	-19,84	-19,82	-19,62	-19,51	-19,38	-19,24	-16,02	0
16/01/2021 18:35:00	-16,08	-17,58	-18,24	-18,48	-18,68	-19,11	-19,47	-19,70	-19,58	-19,31	-19,14	-18,95	-18,76	-15,95	0
16/01/2021 18:40:00	-16,13	-17,71	-18,29	-18,52	-18,79	-19,13	-19,46	-19,71	-19,65	-19,41	-19,27	-19,10	-18,93	-15,97	0
16/01/2021 18:45:00	-16,10	-17,59	-18,21	-18,50	-18,68	-19,20	-19,65	-19,94	-19,84	-19,59	-19,43	-19,26	-19,09	-16,01	0
16/01/2021 18:50:00	-16,08	-17,57	-18,20	-18,45	-18,73	-19,22	-19,66	-19,97	-19,91	-19,68	-19,54	-19,37	-19,21	-16,18	0
16/01/2021 18:55:00	-16,18	-17,48	-18,07	-18,40	-18,84	-19,27	-19,69	-20,00	-19,97	-19,75	-19,61	-19,42	-19,23	-16,26	0
16/01/2021 19:00:00	-16,19	-17,60	-18,17	-18,47	-18,87	-19,28	-19,71	-20,03	-20,01	-19,80	-19,66	-19,49	-19,32	-16,23	0
16/01/2021 19:05:00	-16,22	-17,69	-18,29	-18,65	-19,05	-19,46	-19,87	-20,17	-20,14	-19,91	-19,75	-19,55	-19,35	-16,21	0
16/01/2021 19:10:00	-16,11	-17,60	-18,12	-18,51	-18,86	-19,42	-19,94	-20,31	-20,29	-20,07	-19,93	-19,73	-19,53	-16,20	0
16/01/2021 19:15:00	-16,22	-17,66	-18,32	-18,55	-18,73	-19,40	-19,95	-20,30	-20,21	-19,96	-19,81	-19,66	-19,50	-16,30	0
16/01/2021 19:20:00	-16,31	-17,72	-18,37	-18,64	-18,83	-19,51	-20,06	-20,41	-20,32	-20,06	-19,91	-19,74	-19,57	-16,12	0
16/01/2021 19:25:00	-16,33	-17,75	-18,32	-18,63	-18,95	-19,46	-19,93	-20,26	-20,21	-19,98	-19,83	-19,65	-19,46	-16,15	0
16/01/2021 19:30:00	-16,30	-17,80	-18,46	-18,75	-18,88	-19,39	-19,80	-20,04	-19,88	-19,59	-19,40	-19,20	-18,99	-16,18	0
16/01/2021 19:35:00	-16,15	-17,53	-18,14	-18,62	-19,02	-19,48	-19,89	-20,16	-20,08	-19,82	-19,63	-19,39	-19,16	-16,13	0
16/01/2021 19:40:00	-16,20	-17,59	-18,22	-18,63	-19,05	-19,43	-19,77	-20,01	-19,92	-19,66	-19,47	-19,23	-18,99	-16,27	0
16/01/2021 19:45:00	-16,24	-17,68	-18,29	-18,75	-19,08	-19,59	-20,04	-20,31	-20,21	-19,93	-19,73	-19,48	-19,23	-16,30	0
16/01/2021 19:50:00	-16,28	-17,72	-18,35	-18,79	-19,11	-19,58	-19,98	-20,23	-20,12	-19,83	-19,63	-19,39	-19,15	-16,39	0
16/01/2021 19:55:00	-16,34	-17,69	-18,24	-18,60	-18,94	-19,51	-20,05	-20,42	-20,40	-20,19	-20,04	-19,86	-19,67	-16,32	0
16/01/2021 20:00:00	-16,27	-17,69	-18,32	-18,65	-19,07	-19,60	-20,11	-20,48	-20,47	-20,26	-20,12	-19,95	-19,78	-16,30	0
16/01/2021 20:05:00	-16,36	-17,69	-18,30	-18,59	-18,94	-19,57	-20,15	-20,55	-20,54	-20,33	-20,20	-20,04	-19,88	-16,39	0
16/01/2021 20:10:00	-16,36	-17,72	-18,31	-18,69	-19,19	-19,68	-20,17	-20,54	-20,54	-20,34	-20,20	-20,01	-19,83	-16,34	0
16/01/2021 20:15:00	-16,38	-17,79	-18,40	-18,67	-19,03	-19,61	-20,15	-20,53	-20,52	-20,31	-20,19	-20,03	-19,87	-16,41	0
16/01/2021 20:20:00	-16,33	-17,76	-18,37	-18,73	-19,16	-19,74	-20,29	-20,70	-20,71	-20,51	-20,38	-20,19	-20,01	-16,25	0
16/01/2021 20:25:00	-16,32	-17,80	-18,43	-18,69	-19,05	-19,70	-20,30	-20,75	-20,77	-20,59	-20,49	-20,36	-20,23	-16,29	0
16/01/2021 20:30:00	-16,37	-17,80	-18,41	-18,79	-19,28	-19,78	-20,28	-20,65	-20,66	-20,45	-20,32	-20,14	-19,97	-16,27	0
16/01/2021 20:35:00	-16,39	-17,78	-18,38	-18,75	-19,12	-19,80	-20,43	-20,87	-20,88	-20,67	-20,55	-20,38	-20,21	-16,44	0
16/01/2021 20:40:00	-16,32	-17,77	-18,36	-18,68	-19,04	-19,75	-20,42	-20,89	-20,92	-20,74	-20,63	-20,48	-20,34	-16,38	0
16/01/2021 20:45:00	-16,39	-17,83	-18,46	-18,80	-19,20	-19,79	-20,34	-20,73	-20,72	-20,52	-20,39	-20,24	-20,08	-16,47	0
16/01/2021 20:50:00	-16,43	-17,81	-18,38	-18,77	-19,16	-19,84	-20,48	-20,94	-20,96	-20,77	-20,64	-20,48	-20,31	-16,38	0
16/01/2021 20:55:00	-16,40	-17,80	-18,41	-18,68	-19,12	-19,77	-20,40	-20,88	-20,93	-20,77	-20,68	-20,55	-20,42	-16,42	0
16/01/2021 21:00:00	-16,46	-17,80	-18,35	-18,75	-19,15	-19,81	-20,44	-20,89	-20,91	-20,72	-20,60	-20,43	-20,27	-16,50	0
16/01/2021 21:05:00	-16,39	-17,76	-18,36	-18,75	-19,27	-19,84	-20,42	-20,87	-20,91	-20,73	-20,62	-20,46	-20,30	-16,40	0
16/01/2021 21:10:00	-16,45	-17,84	-18,39	-18,73	-19,12	-19,79	-20,42	-20,89	-20,92	-20,74	-20,64	-20,49	-20,34	-16,50	0
16/01/2021 21:15:00	-16,46	-17,82	-18,32	-18,64	-19,12	-19,79	-20,48	-21,03	-21,13	-20,99	-20,92	-20,79	-20,67	-16,52	0
16/01/2021 21:20:00	-16,46	-17,91	-18,44	-18,82	-19,26	-19,89	-20,52	-20,99	-21,05	-20,87	-20,77	-20,61	-20,45	-16,48	0
16/01/2021 21:25:00	-16,52	-18,02	-18,62	-18,95	-19,31	-19,91	-20,47	-20,87	-20,87	-20,66	-20,52	-20,34	-20,16	-16,56	0
16/01/2021 21:30:00	-16,52	-17,94	-18,59	-18,98	-19,46	-20,06	-20,63	-21,03	-21,03	-20,81	-20,67	-20,48	-20,29	-16,56	0
16/01/2021 21:35:00	-16,56	-17,94	-18,61	-19,10	-19,50	-20,11	-20,62	-20,95	-20,87	-20,60	-20,41	-20,17	-19,94	-16,55	0
16/01/2021 21:40:00	-16,49	-17,91	-18,61	-19,02	-19,50	-20,07	-20,59	-20,96	-20,93	-20,70	-20,55	-20,36	-20,16	-16,52	0
16/01/2021 21:45:00	-16,57	-18,07	-18,62	-18,94	-19,32	-19,97	-20,60	-21,07	-21,11	-20,92	-20,82	-20,68	-20,54	-16,55	0
16/01/2021 21:50:00	-16,61	-18,02	-18,64	-18,97	-19,41	-20,05	-20,66	-21,10	-21,11	-20,92	-20,79	-20,63	-20,46	-16,63	0
16/01/2021 21:55:00	-16,64	-17,96	-18,62	-19,05	-19,49	-20,12	-20,67	-21,05	-21,01	-20,77	-20,61	-20,40	-20,19	-16,60	0
16/01/2021 22:00:00	-16,64	-18,03	-18,64	-19,02	-19,43	-19,97	-20,48	-20,84	-20,82	-20,60	-20,46	-20,28	-20,09	-16,58	0
16/01/2021 22:05:00	-16,51	-17,93	-18,61	-19,06	-19,53	-20,13	-20,67	-21,04	-21,01	-20,77	-20,60	-20,39	-20,18	-16,50	0
16/01/2021 22:10:00	-16,51	-18,05	-18,58	-18,85	-19,35	-19,89	-20,47	-20,96	-21,05	-20,91	-20,84	-20,71	-20,59	-16,57	0
16/01/2021 22:15:00	-16,57	-18,03	-18,65	-19,04	-19,40	-19,99	-20,54	-20,91	-20,88	-20,65	-20,50	-20,31	-20,12	-16,55	0
16/01/2021 22:20:00	-16,56	-18,09	-18,77	-19,18	-19,63	-20,14	-20,62	-20,97	-20,93	-20,69	-20,54	-20,34	-20,14	-16,64	0
16/01/2021 22:25:00	-16,72	-18,09	-18,74	-19,12	-19,58	-20,22	-20,83	-21,28	-21,29	-21,09	-20,96	-20,79	-20,63	-16,66	0
16/01/2021 22:30:00	-16,72	-18,18	-18,79	-19,21	-19,61	-20,21	-20,78	-21,19	-21,19	-20,97	-20,83	-20,64	-20,45	-16,73	0
16/01/2021 22:35:00	-16,79	-18,20	-18,82	-19,23	-19,64	-20,21	-20,74	-21,12	-21,09	-20,86	-20,72	-20,53	-20,35	-16,78	0
16/01/2021 22:40:00	-16,76	-18,15	-18,78	-19,16	-19,61	-20,26	-20,86	-21,30	-21,31	-21,11	-20,98	-20,81	-20,63	-16,73	0
16/01/2021 22:45:00	-16,77	-18,23	-18,89	-19,21	-19,63	-20,25	-20,83	-21,25	-21,24	-21,03	-20,91	-20,75	-20,59	-16,78	0
16/01/2021 22:50:00	-16,69	-18,29	-18,80	-19,09	-19,52	-20,15	-20,80	-21,33	-21,43	-21,28	-21,20	-21,07	-20,93	-16,73	0
16/01/2021 22:55:00	-16,71	-18,28	-18,96	-19,29	-19,71	-20,31	-20,87	-21,27	-21,26	-21,04	-20,90	-20,73	-20,55	-16,84	0
16/01/2021 23:00:00	-16,84	-18,43	-19,02	-19,34	-19,73	-20,34	-20,93	-21,38	-21,40	-21,21	-21,09	-20,94	-20,78	-16,85	0
16/01/2021 23:05:00	-16,81	-18,43	-19,02	-19,25	-19,69	-20,31	-20,96	-21,48	-21,58	-21,43	-21,36	-21,24	-21,12	-16,80	0
16/01/2021 23:10:00	-16,85	-18,41	-18,92	-19,16	-19,59	-20,29	-21,02	-21,60	-21,73	-21,61	-21,56	-21,46	-21,36	-16,73	0
16/01/2021 23:15:00	-16,80	-18,35	-18,95	-19,29	-19,73	-20,30	-20,88	-21,32	-21,36	-21,17	-21,06	-20,90	-20,73	-16,83	0
16/01/2021 23:20:00	-16,78	-18,36	-18,96	-19,27	-19,62	-20,27	-20,89	-21,34	-21,37	-21,17	-21,05	-20,90	-20,74	-16,82	0
16/01/2021 23:25:00	-16,76	-18,28	-18,87	-19,17	-19,63	-20,23	-20,84	-21,30	-21,35	-21,18	-21,08	-20,93	-20,79	-16,78	0
16/01/2021 23:30:00	-16,68	-18,18	-18,87	-19,27	-19,81	-20,32	-20,82	-21,19	-21,18	-20,96	-20,82	-20,62	-20,42	-16,68	0
16/01/2021 23:35:00	-16,78	-18,28	-18,92	-19,26	-19,71	-20,33	-20,93	-21,38	-21,40	-21,21	-21,09	-20,92	-20,75	-16,78	0
16/01/2021 23:40:00	-16,78	-18,31	-18,92	-19,22	-19,54	-20,26	-20,91	-21,37	-21,37	-21,16	-21,03	-20,87	-20,71	-16,90	0
16/01/2021 23:45:00	-16,87	-18,29	-18,92	-19,32	-19,72	-20,40	-21,01	-21,44	-21,42	-21,20	-21,05	-20,87	-20,68	-16,89	0
16/01/2021 23:50:00	-16,92	-18,36	-18,93	-19,31	-19,73	-20,40	-21,03	-21,51	-21,54	-21,35	-21,23	-21,06	-20,90	-16,91	0
16/01/2021 23:55:00	-16,81	-18,41	-18,96	-19,21	-19,50	-20,15	-20,78	-21,27	-21,30	-21,13	-21,04	-20,92	-20,81	-16,79	0
