FileFormat:0002.2 file with temperature of atmosphere
200
local	GMT or Local
0	GMT-Local=[hours]
0	Height[m]
0	0	0	Longitude                [grd]               [min]               [sec]
0	0	0	Latitude                [grd]               [min]               [sec]
N	NS
59,40	Freq[GHz]
0,00	dTemostat[K]
0,150	MessErr[K]
0,248	//[grad/step]
version 14.0.20110218
MTP5H033F5940K-33.00D180214+A1.1
Commentary:
enter comment
End Of Commentary

SYSTEM\summer.dat
data time	0	50	100	150	200	250	300	350	400	450	500	550	600	OutsideTemperature	Quality
20/09/2021 00:00:00	4,86	4,96	4,87	4,68	4,50	4,28	4,09	3,85	3,58	3,35	3,17	2,99	2,81	4,87	0
20/09/2021 00:05:00	4,93	4,96	4,83	4,66	4,40	4,19	4,06	3,85	3,57	3,34	3,17	2,99	2,81	4,85	0
20/09/2021 00:10:00	4,84	4,91	4,82	4,52	4,39	4,20	3,92	3,64	3,36	3,14	2,96	2,78	2,61	4,81	0
20/09/2021 00:15:00	4,86	4,83	4,69	4,54	4,40	4,21	4,00	3,77	3,51	3,30	3,13	2,96	2,79	4,82	0
20/09/2021 00:20:00	4,83	4,86	4,75	4,54	4,28	4,13	3,93	3,69	3,41	3,18	3,01	2,83	2,66	4,76	0
20/09/2021 00:25:00	4,78	4,80	4,62	4,45	4,21	4,12	3,91	3,68	3,43	3,23	3,10	2,96	2,82	4,76	0
20/09/2021 00:30:00	4,72	4,81	4,64	4,46	4,32	4,10	3,91	3,68	3,42	3,21	3,05	2,90	2,74	4,76	0
20/09/2021 00:35:00	4,71	4,74	4,61	4,35	4,17	4,03	3,89	3,69	3,44	3,24	3,11	2,98	2,85	4,75	0
20/09/2021 00:40:00	4,67	4,78	4,70	4,50	4,27	4,13	3,84	3,56	3,28	3,05	2,86	2,68	2,49	4,66	0
20/09/2021 00:45:00	4,70	4,71	4,55	4,39	4,15	4,04	3,85	3,62	3,37	3,17	3,03	2,88	2,74	4,70	0
20/09/2021 00:50:00	4,64	4,68	4,58	4,43	4,23	4,01	3,86	3,65	3,38	3,15	2,97	2,79	2,62	4,63	0
20/09/2021 00:55:00	4,71	4,70	4,60	4,36	4,16	4,01	3,85	3,64	3,38	3,17	3,02	2,87	2,71	4,58	0
20/09/2021 01:00:00	4,63	4,67	4,51	4,29	4,10	4,00	3,82	3,61	3,36	3,17	3,05	2,93	2,80	4,65	0
20/09/2021 01:05:00	4,55	4,58	4,48	4,19	4,06	3,91	3,78	3,58	3,33	3,14	3,00	2,88	2,75	4,55	0
20/09/2021 01:10:00	4,57	4,55	4,37	4,33	4,14	3,94	3,78	3,58	3,33	3,12	2,96	2,79	2,62	4,51	0
20/09/2021 01:15:00	4,55	4,52	4,37	4,21	4,06	3,97	3,80	3,60	3,36	3,18	3,06	2,94	2,81	4,58	0
20/09/2021 01:20:00	4,55	4,57	4,46	4,26	4,12	3,93	3,79	3,60	3,35	3,14	3,00	2,85	2,70	4,57	0
20/09/2021 01:25:00	4,63	4,63	4,50	4,31	4,10	3,92	3,75	3,54	3,28	3,07	2,91	2,75	2,59	4,58	0
20/09/2021 01:30:00	4,57	4,54	4,38	4,29	4,16	3,96	3,82	3,63	3,39	3,19	3,04	2,89	2,73	4,53	0
20/09/2021 01:35:00	4,58	4,49	4,30	4,15	4,06	3,94	3,80	3,63	3,41	3,24	3,13	3,02	2,91	4,48	0
20/09/2021 01:40:00	4,48	4,55	4,38	4,23	4,01	3,87	3,69	3,48	3,22	3,02	2,88	2,74	2,59	4,48	0
20/09/2021 01:45:00	4,57	4,51	4,36	4,18	4,06	4,01	3,85	3,66	3,44	3,27	3,17	3,06	2,96	4,49	0
20/09/2021 01:50:00	4,50	4,48	4,38	4,15	4,00	3,86	3,74	3,56	3,31	3,12	2,99	2,86	2,73	4,52	0
20/09/2021 01:55:00	4,47	4,40	4,33	4,13	4,01	3,95	3,81	3,63	3,40	3,23	3,11	2,99	2,88	4,47	0
20/09/2021 02:00:00	4,48	4,41	4,24	3,99	3,86	3,77	3,58	3,37	3,15	2,97	2,87	2,76	2,66	4,51	0
20/09/2021 02:05:00	4,46	4,46	4,28	4,11	3,93	3,89	3,76	3,59	3,37	3,21	3,12	3,03	2,94	4,51	0
20/09/2021 02:10:00	4,45	4,43	4,31	4,16	4,03	3,92	3,82	3,66	3,43	3,26	3,14	3,02	2,91	4,45	0
20/09/2021 02:15:00	4,46	4,39	4,29	4,10	3,92	3,83	3,67	3,47	3,23	3,04	2,90	2,76	2,63	4,45	0
20/09/2021 02:20:00	4,43	4,41	4,28	4,12	3,93	3,82	3,66	3,46	3,21	3,02	2,89	2,76	2,62	4,40	0
20/09/2021 02:25:00	4,47	4,47	4,29	4,10	3,91	3,83	3,72	3,55	3,32	3,15	3,06	2,96	2,86	4,40	0
20/09/2021 02:30:00	4,39	4,39	4,25	4,03	3,97	3,83	3,71	3,53	3,30	3,13	3,02	2,92	2,81	4,45	0
20/09/2021 02:35:00	4,40	4,32	4,14	3,99	3,92	3,81	3,65	3,47	3,25	3,09	2,98	2,88	2,77	4,46	0
20/09/2021 02:40:00	4,37	4,40	4,23	4,04	3,93	3,78	3,66	3,49	3,26	3,08	2,98	2,87	2,76	4,40	0
20/09/2021 02:45:00	4,42	4,35	4,16	3,98	3,88	3,79	3,65	3,47	3,26	3,10	3,00	2,90	2,80	4,36	0
20/09/2021 02:50:00	4,38	4,36	4,23	4,05	3,92	3,87	3,71	3,52	3,30	3,13	3,03	2,92	2,81	4,35	0
20/09/2021 02:55:00	4,40	4,36	4,17	4,06	3,93	3,85	3,72	3,55	3,33	3,17	3,07	2,97	2,86	4,38	0
20/09/2021 03:00:00	4,38	4,34	4,20	4,06	3,89	3,80	3,66	3,47	3,24	3,06	2,94	2,82	2,69	4,35	0
20/09/2021 03:05:00	4,43	4,29	4,14	3,97	3,89	3,81	3,65	3,46	3,24	3,08	2,97	2,86	2,75	4,43	0
20/09/2021 03:10:00	4,39	4,33	4,13	3,96	3,78	3,74	3,62	3,44	3,23	3,07	2,99	2,91	2,82	4,35	0
20/09/2021 03:15:00	4,34	4,26	4,11	3,97	3,84	3,74	3,58	3,39	3,16	2,99	2,87	2,74	2,62	4,34	0
20/09/2021 03:20:00	4,33	4,30	4,12	3,95	3,86	3,71	3,60	3,43	3,21	3,04	2,94	2,83	2,72	4,34	0
20/09/2021 03:25:00	4,34	4,31	4,15	3,93	3,77	3,65	3,51	3,32	3,08	2,90	2,79	2,68	2,57	4,32	0
20/09/2021 03:30:00	4,36	4,24	4,05	3,88	3,76	3,74	3,64	3,49	3,29	3,14	3,07	3,00	2,93	4,35	0
20/09/2021 03:35:00	4,31	4,30	4,11	3,97	3,80	3,73	3,58	3,39	3,16	3,00	2,90	2,80	2,70	4,36	0
20/09/2021 03:40:00	4,36	4,32	4,20	4,06	3,94	3,87	3,74	3,56	3,34	3,18	3,07	2,96	2,85	4,33	0
20/09/2021 03:45:00	4,31	4,32	4,15	3,96	3,74	3,72	3,62	3,46	3,23	3,08	2,99	2,91	2,83	4,35	0
20/09/2021 03:50:00	4,34	4,30	4,13	3,97	3,79	3,74	3,60	3,41	3,19	3,02	2,92	2,82	2,72	4,31	0
20/09/2021 03:55:00	4,38	4,31	4,11	3,96	3,77	3,69	3,54	3,35	3,12	2,95	2,84	2,73	2,62	4,36	0
20/09/2021 04:00:00	4,40	4,30	4,10	3,91	3,71	3,57	3,44	3,26	3,02	2,84	2,72	2,60	2,48	4,35	0
20/09/2021 04:05:00	4,42	4,38	4,23	4,01	3,82	3,60	3,45	3,25	2,98	2,76	2,60	2,44	2,28	4,40	0
20/09/2021 04:10:00	4,35	4,34	4,14	3,87	3,71	3,54	3,34	3,12	2,87	2,67	2,55	2,42	2,29	4,41	0
20/09/2021 04:15:00	4,38	4,32	4,08	3,81	3,65	3,52	3,29	3,05	2,82	2,64	2,53	2,42	2,31	4,36	0
20/09/2021 04:20:00	4,33	4,34	4,11	3,86	3,64	3,48	3,31	3,10	2,85	2,66	2,54	2,43	2,32	4,38	0
20/09/2021 04:25:00	4,32	4,32	4,09	3,87	3,67	3,46	3,27	3,05	2,80	2,60	2,46	2,32	2,18	4,41	0
20/09/2021 04:30:00	4,48	4,39	4,18	3,89	3,63	3,48	3,25	3,00	2,74	2,53	2,38	2,24	2,10	4,39	0
20/09/2021 04:35:00	4,45	4,35	4,11	3,93	3,73	3,57	3,37	3,15	2,91	2,71	2,58	2,44	2,31	4,40	0
20/09/2021 04:40:00	4,40	4,34	4,13	3,89	3,62	3,48	3,27	3,03	2,77	2,57	2,43	2,30	2,16	4,44	0
20/09/2021 04:45:00	4,50	4,38	4,15	3,90	3,67	3,49	3,28	3,05	2,79	2,58	2,44	2,30	2,16	4,44	0
20/09/2021 04:50:00	4,49	4,45	4,18	3,93	3,70	3,54	3,30	3,06	2,80	2,61	2,48	2,35	2,22	4,45	0
20/09/2021 04:55:00	4,50	4,44	4,17	3,93	3,70	3,52	3,33	3,11	2,86	2,67	2,54	2,42	2,29	4,50	0
20/09/2021 05:00:00	4,47	4,45	4,20	3,91	3,74	3,58	3,27	2,99	2,74	2,54	2,41	2,27	2,14	4,46	0
20/09/2021 05:05:00	4,49	4,39	4,14	3,91	3,65	3,48	3,31	3,09	2,84	2,64	2,51	2,38	2,25	4,43	0
20/09/2021 05:10:00	4,48	4,37	4,15	3,94	3,70	3,52	3,31	3,08	2,82	2,61	2,46	2,31	2,16	4,43	0
20/09/2021 05:15:00	4,42	4,33	4,14	3,94	3,73	3,61	3,46	3,27	3,03	2,85	2,73	2,61	2,49	4,46	0
20/09/2021 05:20:00	4,49	4,39	4,20	3,94	3,73	3,60	3,38	3,14	2,89	2,69	2,55	2,42	2,28	4,46	0
20/09/2021 05:25:00	4,46	4,37	4,19	3,98	3,85	3,69	3,49	3,28	3,04	2,85	2,72	2,58	2,45	4,45	0
20/09/2021 05:30:00	4,46	4,33	4,14	3,98	3,70	3,60	3,37	3,13	2,87	2,67	2,52	2,37	2,22	4,38	0
20/09/2021 05:35:00	4,43	4,37	4,14	3,94	3,77	3,58	3,36	3,13	2,88	2,68	2,54	2,40	2,26	4,43	0
20/09/2021 05:40:00	4,43	4,33	4,08	3,84	3,65	3,54	3,30	3,07	2,83	2,65	2,53	2,42	2,30	4,45	0
20/09/2021 05:45:00	4,40	4,30	4,09	3,88	3,73	3,58	3,36	3,13	2,89	2,70	2,57	2,43	2,30	4,40	0
20/09/2021 05:50:00	4,40	4,32	4,15	3,94	3,76	3,66	3,51	3,32	3,09	2,91	2,79	2,68	2,57	4,38	0
20/09/2021 05:55:00	4,39	4,28	4,10	3,95	3,85	3,75	3,63	3,46	3,25	3,09	2,99	2,88	2,78	4,31	0
20/09/2021 06:00:00	4,39	4,26	4,07	3,96	3,82	3,74	3,59	3,40	3,19	3,02	2,91	2,80	2,68	4,34	0
20/09/2021 06:05:00	4,34	4,22	4,06	3,86	3,74	3,68	3,65	3,53	3,32	3,17	3,10	3,03	2,96	4,33	0
20/09/2021 06:10:00	4,34	4,31	4,12	3,90	3,78	3,68	3,55	3,37	3,14	2,98	2,88	2,79	2,69	4,33	0
20/09/2021 06:15:00	4,32	4,21	4,02	3,83	3,66	3,55	3,45	3,28	3,05	2,88	2,78	2,68	2,57	4,33	0
20/09/2021 06:20:00	4,27	4,23	4,07	3,88	3,68	3,52	3,40	3,22	2,97	2,78	2,65	2,52	2,39	4,26	0
20/09/2021 06:25:00	4,32	4,19	3,97	3,81	3,69	3,69	3,56	3,40	3,20	3,07	3,00	2,93	2,87	4,28	0
20/09/2021 06:30:00	4,26	4,21	4,02	3,86	3,70	3,58	3,45	3,26	3,04	2,86	2,75	2,64	2,52	4,28	0
20/09/2021 06:35:00	4,31	4,24	4,06	3,88	3,67	3,56	3,47	3,31	3,07	2,89	2,78	2,67	2,55	4,33	0
20/09/2021 06:40:00	4,31	4,21	4,00	3,84	3,70	3,62	3,45	3,25	3,04	2,87	2,77	2,67	2,57	4,30	0
20/09/2021 06:45:00	4,31	4,20	4,00	3,88	3,69	3,54	3,41	3,23	3,00	2,81	2,69	2,56	2,43	4,34	0
20/09/2021 06:50:00	4,29	4,20	4,01	3,83	3,62	3,48	3,38	3,20	2,97	2,78	2,67	2,55	2,43	4,30	0
20/09/2021 06:55:00	4,33	4,28	4,08	3,84	3,76	3,55	3,32	3,09	2,85	2,65	2,52	2,38	2,24	4,33	0
20/09/2021 07:00:00	4,36	4,22	4,05	3,84	3,72	3,53	3,37	3,18	2,93	2,74	2,61	2,47	2,33	4,35	0
20/09/2021 07:05:00	4,34	4,31	4,11	3,88	3,71	3,51	3,38	3,19	2,94	2,75	2,62	2,49	2,37	4,38	0
20/09/2021 07:10:00	4,38	4,25	4,05	3,89	3,66	3,52	3,33	3,11	2,86	2,66	2,52	2,38	2,23	4,36	0
20/09/2021 07:15:00	4,33	4,31	4,17	4,02	3,72	3,63	3,41	3,17	2,91	2,70	2,55	2,40	2,25	4,39	0
20/09/2021 07:20:00	4,35	4,26	4,00	3,83	3,66	3,51	3,34	3,14	2,91	2,73	2,62	2,51	2,40	4,33	0
20/09/2021 07:25:00	4,31	4,27	4,05	3,83	3,68	3,44	3,19	2,93	2,67	2,45	2,29	2,14	1,98	4,35	0
20/09/2021 07:30:00	4,38	4,30	4,08	3,86	3,67	3,57	3,36	3,14	2,90	2,72	2,60	2,49	2,37	4,39	0
20/09/2021 07:35:00	4,34	4,25	4,07	3,82	3,65	3,47	3,29	3,07	2,82	2,62	2,48	2,34	2,21	4,43	0
20/09/2021 07:40:00	4,42	4,26	4,05	3,84	3,71	3,59	3,42	3,23	3,00	2,83	2,72	2,60	2,49	4,39	0
20/09/2021 07:45:00	4,39	4,28	4,08	3,86	3,59	3,48	3,27	3,04	2,79	2,59	2,46	2,32	2,19	4,33	0
20/09/2021 07:50:00	4,35	4,35	4,16	3,88	3,62	3,45	3,17	2,90	2,62	2,40	2,23	2,08	1,92	4,38	0
20/09/2021 07:55:00	4,41	4,35	4,14	3,94	3,68	3,48	3,27	3,03	2,76	2,54	2,38	2,22	2,06	4,46	0
20/09/2021 08:00:00	4,44	4,39	4,13	3,87	3,73	3,46	3,30	3,09	2,83	2,63	2,50	2,36	2,23	4,48	0
20/09/2021 08:05:00	4,56	4,46	4,23	3,89	3,71	3,55	3,30	3,04	2,79	2,59	2,46	2,33	2,20	4,51	0
20/09/2021 08:10:00	4,47	4,46	4,24	3,92	3,72	3,46	3,25	3,00	2,73	2,51	2,36	2,21	2,06	4,50	0
20/09/2021 08:15:00	4,49	4,43	4,21	4,03	3,73	3,49	3,28	3,03	2,75	2,52	2,34	2,17	1,99	4,53	0
20/09/2021 08:20:00	4,55	4,45	4,21	4,02	3,78	3,55	3,33	3,08	2,81	2,59	2,42	2,25	2,08	4,52	0
20/09/2021 08:25:00	4,59	4,53	4,31	4,11	3,80	3,62	3,40	3,15	2,88	2,66	2,50	2,34	2,19	4,57	0
20/09/2021 08:30:00	4,57	4,56	4,34	4,08	3,82	3,63	3,36	3,09	2,82	2,60	2,44	2,28	2,12	4,58	0
20/09/2021 08:35:00	4,60	4,57	4,33	4,05	3,82	3,59	3,35	3,09	2,81	2,60	2,44	2,29	2,13	4,62	0
20/09/2021 08:40:00	4,64	4,57	4,32	4,05	3,82	3,55	3,34	3,10	2,83	2,60	2,44	2,28	2,12	4,68	0
20/09/2021 08:45:00	4,71	4,61	4,38	4,08	3,84	3,58	3,27	2,96	2,67	2,43	2,24	2,05	1,87	4,61	0
20/09/2021 08:50:00	4,68	4,58	4,29	4,03	3,79	3,59	3,30	3,03	2,76	2,55	2,40	2,25	2,10	4,65	0
20/09/2021 08:55:00	4,64	4,53	4,31	4,10	3,83	3,57	3,37	3,12	2,85	2,61	2,43	2,25	2,07	4,65	0
20/09/2021 09:00:00	4,68	4,55	4,29	4,02	3,75	3,52	3,32	3,09	2,82	2,60	2,44	2,29	2,14	4,82	0
20/09/2021 09:05:00	4,67	4,51	4,30	4,07	3,89	3,66	3,42	3,17	2,91	2,70	2,53	2,36	2,20	4,73	0
20/09/2021 09:10:00	4,60	4,58	4,32	4,09	3,82	3,65	3,38	3,11	2,85	2,64	2,49	2,34	2,19	4,63	0
20/09/2021 09:15:00	4,65	4,53	4,28	4,03	3,81	3,60	3,39	3,16	2,90	2,69	2,55	2,41	2,26	4,74	0
20/09/2021 09:20:00	4,66	4,59	4,36	4,14	3,91	3,69	3,41	3,13	2,86	2,63	2,46	2,28	2,10	4,64	0
20/09/2021 09:25:00	4,68	4,58	4,31	4,06	3,86	3,64	3,49	3,29	3,04	2,84	2,71	2,58	2,45	4,67	0
20/09/2021 09:30:00	4,80	4,65	4,40	4,11	3,86	3,62	3,32	3,03	2,75	2,52	2,34	2,16	1,98	4,83	0
20/09/2021 09:35:00	4,73	4,65	4,39	4,12	3,79	3,59	3,31	3,02	2,74	2,51	2,34	2,17	2,00	4,83	0
20/09/2021 09:40:00	4,74	4,68	4,41	4,19	3,92	3,67	3,40	3,12	2,84	2,61	2,43	2,26	2,08	4,77	0
20/09/2021 09:45:00	4,76	4,62	4,40	4,12	3,88	3,69	3,46	3,21	2,94	2,73	2,57	2,42	2,27	4,81	0
20/09/2021 09:50:00	4,86	4,72	4,47	4,17	3,89	3,67	3,50	3,28	3,01	2,80	2,65	2,51	2,36	4,86	0
20/09/2021 09:55:00	4,86	4,77	4,46	4,21	3,95	3,76	3,46	3,18	2,92	2,71	2,56	2,41	2,26	4,85	0
20/09/2021 10:00:00	4,88	4,76	4,51	4,27	4,01	3,80	3,58	3,33	3,07	2,85	2,69	2,53	2,37	4,83	0
20/09/2021 10:05:00	4,92	4,70	4,49	4,25	3,99	3,71	3,50	3,25	2,97	2,73	2,54	2,35	2,16	4,84	0
20/09/2021 10:10:00	4,87	4,80	4,52	4,20	4,00	3,66	3,39	3,12	2,83	2,59	2,41	2,23	2,05	4,88	0
20/09/2021 10:15:00	4,93	4,83	4,61	4,27	4,03	3,77	3,51	3,24	2,95	2,72	2,54	2,36	2,18	4,98	0
20/09/2021 10:20:00	4,98	4,90	4,67	4,42	4,11	3,86	3,53	3,22	2,93	2,67	2,47	2,27	2,07	5,09	0
20/09/2021 10:25:00	5,07	4,89	4,64	4,40	4,19	3,92	3,66	3,40	3,13	2,90	2,73	2,55	2,37	5,06	0
20/09/2021 10:30:00	5,03	4,84	4,60	4,33	4,06	3,85	3,64	3,40	3,13	2,91	2,74	2,58	2,42	5,05	0
20/09/2021 10:35:00	5,16	5,01	4,77	4,53	4,25	4,09	3,85	3,60	3,34	3,12	2,96	2,80	2,64	5,18	0
20/09/2021 10:40:00	5,29	5,13	4,90	4,63	4,39	4,13	3,87	3,60	3,32	3,08	2,89	2,69	2,50	5,24	0
20/09/2021 10:45:00	5,11	4,98	4,71	4,45	4,30	4,06	3,79	3,53	3,27	3,06	2,90	2,75	2,59	5,11	0
20/09/2021 10:50:00	5,24	5,04	4,81	4,60	4,33	4,05	3,75	3,46	3,17	2,92	2,70	2,48	2,26	5,17	0
20/09/2021 10:55:00	5,23	5,13	4,98	4,77	4,42	4,25	3,90	3,58	3,28	3,02	2,80	2,57	2,35	5,27	0
20/09/2021 11:00:00	5,27	5,09	4,86	4,62	4,38	4,20	3,88	3,58	3,32	3,09	2,91	2,73	2,55	5,25	0
20/09/2021 11:05:00	5,28	5,11	4,84	4,56	4,29	4,06	3,83	3,58	3,31	3,09	2,92	2,75	2,58	5,24	0
20/09/2021 11:10:00	5,34	5,18	4,93	4,66	4,38	4,15	3,94	3,69	3,42	3,19	3,02	2,85	2,68	5,36	0
20/09/2021 11:15:00	5,38	5,21	4,95	4,70	4,43	4,21	3,94	3,67	3,40	3,17	3,00	2,82	2,65	5,36	0
20/09/2021 11:20:00	5,40	5,20	4,94	4,68	4,44	4,16	3,92	3,66	3,38	3,15	2,96	2,78	2,59	5,38	0
20/09/2021 11:25:00	5,35	5,23	4,98	4,68	4,44	4,19	3,90	3,61	3,33	3,09	2,90	2,71	2,53	5,35	0
20/09/2021 11:30:00	5,39	5,26	5,02	4,76	4,52	4,27	4,02	3,75	3,48	3,25	3,07	2,89	2,71	5,39	0
20/09/2021 11:35:00	5,43	5,28	5,05	4,76	4,51	4,28	4,03	3,78	3,50	3,27	3,10	2,93	2,75	5,45	0
20/09/2021 11:40:00	5,41	5,25	5,02	4,70	4,48	4,24	3,93	3,63	3,35	3,11	2,92	2,73	2,54	5,43	0
20/09/2021 11:45:00	5,48	5,36	5,12	4,85	4,59	4,35	4,14	3,90	3,62	3,39	3,22	3,05	2,87	5,42	0
20/09/2021 11:50:00	5,45	5,36	5,13	4,85	4,54	4,22	3,97	3,70	3,39	3,13	2,91	2,70	2,48	5,51	0
20/09/2021 11:55:00	5,51	5,35	5,05	4,78	4,60	4,33	4,09	3,84	3,58	3,36	3,20	3,03	2,87	5,55	0
20/09/2021 12:00:00	5,58	5,44	5,18	4,92	4,67	4,44	4,20	3,95	3,68	3,46	3,28	3,11	2,94	5,55	0
20/09/2021 12:05:00	5,60	5,46	5,20	4,92	4,68	4,46	4,15	3,86	3,59	3,36	3,18	3,00	2,82	5,66	0
20/09/2021 12:10:00	5,60	5,53	5,33	5,05	4,79	4,50	4,21	3,93	3,63	3,37	3,16	2,94	2,73	5,59	0
20/09/2021 12:15:00	5,54	5,43	5,20	4,93	4,61	4,36	4,06	3,76	3,46	3,21	3,00	2,79	2,58	5,60	0
20/09/2021 12:20:00	5,54	5,47	5,24	4,93	4,63	4,42	4,16	3,89	3,61	3,38	3,20	3,03	2,85	5,53	0
20/09/2021 12:25:00	5,66	5,51	5,24	4,96	4,68	4,34	4,12	3,86	3,57	3,32	3,11	2,91	2,71	5,62	0
20/09/2021 12:30:00	5,67	5,56	5,29	5,06	4,72	4,47	4,14	3,83	3,54	3,28	3,06	2,85	2,63	5,56	0
20/09/2021 12:35:00	5,62	5,48	5,21	4,91	4,65	4,34	4,11	3,85	3,56	3,32	3,13	2,95	2,76	5,61	0
20/09/2021 12:40:00	5,59	5,48	5,22	4,98	4,68	4,44	4,13	3,83	3,55	3,31	3,11	2,91	2,71	5,60	0
20/09/2021 12:45:00	5,60	5,49	5,27	5,03	4,72	4,43	4,13	3,83	3,53	3,26	3,04	2,81	2,58	5,67	0
20/09/2021 12:50:00	5,63	5,50	5,23	4,95	4,65	4,39	4,16	3,90	3,62	3,39	3,21	3,03	2,85	5,58	0
20/09/2021 12:55:00	5,66	5,49	5,17	4,88	4,65	4,38	4,11	3,84	3,57	3,35	3,18	3,00	2,83	5,70	0
20/09/2021 13:00:00	5,67	5,50	5,24	5,00	4,68	4,43	4,17	3,90	3,62	3,37	3,17	2,97	2,77	5,77	0
20/09/2021 13:05:00	5,81	5,54	5,22	4,92	4,65	4,43	4,18	3,92	3,66	3,44	3,28	3,11	2,95	5,76	0
20/09/2021 13:10:00	5,84	5,65	5,31	5,02	4,76	4,49	4,20	3,92	3,65	3,42	3,24	3,06	2,88	5,81	0
20/09/2021 13:15:00	5,75	5,59	5,37	5,04	4,79	4,53	4,26	3,98	3,69	3,44	3,24	3,04	2,85	5,81	0
20/09/2021 13:20:00	5,80	5,63	5,38	5,09	4,86	4,61	4,34	4,07	3,80	3,57	3,38	3,20	3,01	5,75	0
20/09/2021 13:25:00	5,69	5,64	5,38	5,14	4,78	4,51	4,23	3,95	3,65	3,40	3,19	2,99	2,78	5,74	0
20/09/2021 13:30:00	5,80	5,57	5,33	5,07	4,82	4,57	4,30	4,03	3,75	3,52	3,32	3,12	2,92	5,76	0
20/09/2021 13:35:00	5,74	5,68	5,41	5,14	4,88	4,62	4,34	4,06	3,78	3,54	3,35	3,16	2,97	5,70	0
20/09/2021 13:40:00	5,75	5,66	5,40	5,12	4,88	4,73	4,39	4,09	3,82	3,60	3,44	3,27	3,10	5,75	0
20/09/2021 13:45:00	5,74	5,67	5,44	5,22	4,86	4,62	4,36	4,09	3,79	3,54	3,34	3,13	2,93	5,71	0
20/09/2021 13:50:00	5,77	5,63	5,37	5,14	4,85	4,61	4,35	4,08	3,80	3,56	3,37	3,18	2,99	5,71	0
20/09/2021 13:55:00	5,73	5,69	5,47	5,16	4,85	4,62	4,34	4,04	3,75	3,50	3,31	3,11	2,92	5,79	0
20/09/2021 14:00:00	5,80	5,67	5,43	5,13	4,89	4,63	4,37	4,09	3,81	3,57	3,38	3,19	3,01	5,78	0
20/09/2021 14:05:00	5,79	5,72	5,47	5,13	4,93	4,60	4,31	4,02	3,73	3,48	3,28	3,08	2,88	5,82	0
20/09/2021 14:10:00	5,90	5,85	5,61	5,31	5,02	4,73	4,44	4,14	3,85	3,59	3,38	3,17	2,96	5,85	0
20/09/2021 14:15:00	5,94	5,83	5,57	5,33	5,04	4,81	4,50	4,20	3,92	3,67	3,47	3,27	3,07	5,95	0
20/09/2021 14:20:00	5,92	5,80	5,56	5,29	5,03	4,78	4,50	4,22	3,94	3,70	3,51	3,31	3,11	5,86	0
20/09/2021 14:25:00	5,88	5,73	5,49	5,19	4,94	4,66	4,45	4,20	3,92	3,68	3,50	3,31	3,13	5,90	0
20/09/2021 14:30:00	6,01	5,82	5,56	5,21	4,94	4,66	4,36	4,06	3,77	3,52	3,32	3,12	2,92	5,96	0
20/09/2021 14:35:00	6,01	5,85	5,57	5,32	5,08	4,75	4,46	4,17	3,88	3,63	3,41	3,20	2,98	5,88	0
20/09/2021 14:40:00	5,99	5,82	5,56	5,34	5,00	4,74	4,52	4,27	3,98	3,74	3,54	3,34	3,13	5,98	0
20/09/2021 14:45:00	5,99	5,82	5,54	5,33	5,06	4,79	4,53	4,27	3,99	3,75	3,55	3,36	3,16	5,91	0
20/09/2021 14:50:00	5,98	5,86	5,64	5,35	5,10	4,84	4,55	4,27	3,98	3,74	3,53	3,33	3,13	5,88	0
20/09/2021 14:55:00	6,02	5,86	5,68	5,49	5,22	4,94	4,66	4,37	4,08	3,82	3,59	3,35	3,12	6,05	0
20/09/2021 15:00:00	5,99	5,87	5,58	5,36	5,11	4,85	4,53	4,24	3,96	3,72	3,52	3,32	3,11	6,05	0
20/09/2021 15:05:00	6,03	5,91	5,65	5,40	5,16	4,88	4,62	4,35	4,07	3,83	3,63	3,43	3,23	6,01	0
20/09/2021 15:10:00	6,06	5,98	5,75	5,49	5,22	4,99	4,73	4,46	4,18	3,94	3,75	3,56	3,37	6,06	0
20/09/2021 15:15:00	6,10	6,02	5,83	5,54	5,27	5,04	4,80	4,53	4,25	4,01	3,81	3,62	3,42	6,10	0
20/09/2021 15:20:00	6,08	6,07	5,89	5,65	5,35	5,11	4,82	4,54	4,24	3,98	3,77	3,55	3,34	6,17	0
20/09/2021 15:25:00	6,13	6,02	5,79	5,59	5,35	5,13	4,88	4,62	4,35	4,12	3,93	3,74	3,55	6,15	0
20/09/2021 15:30:00	6,15	6,08	5,85	5,57	5,38	5,11	4,89	4,65	4,37	4,15	3,96	3,78	3,60	6,13	0
20/09/2021 15:35:00	6,16	6,11	5,86	5,61	5,42	5,16	4,97	4,74	4,47	4,26	4,09	3,93	3,76	6,16	0
20/09/2021 15:40:00	6,18	6,13	5,92	5,68	5,40	5,16	4,98	4,75	4,47	4,24	4,05	3,86	3,68	6,20	0
20/09/2021 15:45:00	6,28	6,15	5,98	5,78	5,56	5,28	5,04	4,79	4,51	4,26	4,04	3,81	3,59	6,28	0
20/09/2021 15:50:00	6,27	6,16	5,97	5,78	5,51	5,28	4,99	4,70	4,41	4,16	3,94	3,72	3,50	6,23	0
20/09/2021 15:55:00	6,30	6,19	5,97	5,77	5,50	5,32	5,07	4,80	4,54	4,31	4,12	3,93	3,74	6,25	0
20/09/2021 16:00:00	6,31	6,32	6,11	5,87	5,60	5,35	5,08	4,81	4,52	4,27	4,06	3,85	3,64	6,29	0
20/09/2021 16:05:00	6,26	6,22	6,03	5,81	5,59	5,33	5,04	4,76	4,47	4,22	4,01	3,78	3,56	6,31	0
20/09/2021 16:10:00	6,36	6,27	6,05	5,75	5,47	5,24	4,99	4,72	4,43	4,19	3,99	3,80	3,60	6,30	0
20/09/2021 16:15:00	6,34	6,31	6,11	5,83	5,51	5,27	5,00	4,73	4,43	4,18	3,97	3,76	3,55	6,35	0
20/09/2021 16:20:00	6,32	6,32	6,08	5,89	5,55	5,28	4,96	4,66	4,36	4,09	3,86	3,62	3,39	6,31	0
20/09/2021 16:25:00	6,41	6,43	6,20	5,93	5,61	5,38	5,01	4,68	4,38	4,11	3,89	3,66	3,44	6,35	0
20/09/2021 16:30:00	6,40	6,35	6,15	5,86	5,59	5,37	5,05	4,74	4,45	4,20	3,99	3,78	3,57	6,48	0
20/09/2021 16:35:00	6,45	6,42	6,17	5,90	5,67	5,34	4,99	4,66	4,36	4,09	3,86	3,62	3,38	6,40	0
20/09/2021 16:40:00	6,41	6,36	6,14	5,87	5,58	5,26	4,90	4,57	4,26	3,97	3,72	3,47	3,22	6,46	0
20/09/2021 16:45:00	6,42	6,43	6,15	5,88	5,50	5,20	4,84	4,50	4,19	3,91	3,67	3,43	3,20	6,41	0
20/09/2021 16:50:00	6,52	6,46	6,22	5,94	5,62	5,33	4,97	4,63	4,33	4,05	3,81	3,56	3,32	6,46	0
20/09/2021 16:55:00	6,51	6,45	6,16	5,89	5,61	5,19	4,88	4,57	4,25	3,97	3,72	3,46	3,21	6,58	0
20/09/2021 17:00:00	6,47	6,39	6,13	5,90	5,52	5,19	4,82	4,47	4,15	3,85	3,59	3,32	3,05	6,50	0
20/09/2021 17:05:00	6,50	6,37	6,10	5,76	5,49	5,17	4,87	4,57	4,27	4,01	3,79	3,57	3,35	6,52	0
20/09/2021 17:10:00	6,55	6,44	6,20	5,88	5,56	5,26	4,93	4,61	4,30	4,03	3,80	3,56	3,33	6,48	0
20/09/2021 17:15:00	6,46	6,39	6,15	5,85	5,57	5,28	4,98	4,68	4,39	4,13	3,91	3,69	3,47	6,50	0
20/09/2021 17:20:00	6,50	6,45	6,18	5,98	5,72	5,42	5,13	4,84	4,56	4,31	4,09	3,87	3,65	6,52	0
20/09/2021 17:25:00	6,44	6,34	6,06	5,82	5,56	5,35	5,05	4,76	4,49	4,26	4,07	3,88	3,68	6,42	0
20/09/2021 17:30:00	6,51	6,45	6,23	5,94	5,68	5,37	5,10	4,82	4,52	4,26	4,03	3,81	3,58	6,51	0
20/09/2021 17:35:00	6,43	6,40	6,22	5,92	5,66	5,39	5,16	4,90	4,61	4,36	4,16	3,96	3,75	6,39	0
20/09/2021 17:40:00	6,35	6,33	6,10	5,83	5,58	5,30	5,02	4,74	4,45	4,20	4,00	3,79	3,58	6,37	0
20/09/2021 17:45:00	6,36	6,35	6,15	5,90	5,67	5,46	5,21	4,95	4,68	4,45	4,26	4,08	3,89	6,38	0
20/09/2021 17:50:00	6,36	6,32	6,11	5,90	5,79	5,54	5,31	5,07	4,82	4,61	4,43	4,25	4,07	6,37	0
20/09/2021 17:55:00	6,33	6,32	6,15	5,89	5,68	5,46	5,16	4,87	4,59	4,35	4,14	3,94	3,73	6,36	0
20/09/2021 18:00:00	6,37	6,30	6,14	5,93	5,69	5,46	5,18	4,90	4,62	4,37	4,15	3,93	3,71	6,31	0
20/09/2021 18:05:00	6,34	6,33	6,15	5,87	5,65	5,43	5,16	4,89	4,61	4,37	4,17	3,98	3,78	6,34	0
20/09/2021 18:10:00	6,37	6,30	6,10	5,90	5,72	5,42	5,21	4,98	4,70	4,46	4,26	4,05	3,85	6,34	0
20/09/2021 18:15:00	6,31	6,30	6,15	5,91	5,69	5,45	5,18	4,91	4,62	4,37	4,16	3,94	3,72	6,26	0
20/09/2021 18:20:00	6,31	6,29	6,03	5,79	5,57	5,28	5,05	4,80	4,53	4,29	4,11	3,92	3,73	6,38	0
20/09/2021 18:25:00	6,29	6,28	6,07	5,85	5,60	5,33	5,12	4,87	4,59	4,35	4,15	3,95	3,75	6,29	0
20/09/2021 18:30:00	6,29	6,22	6,06	5,84	5,64	5,37	5,11	4,84	4,56	4,30	4,08	3,86	3,63	6,28	0
20/09/2021 18:35:00	6,24	6,29	6,10	5,84	5,58	5,36	5,12	4,85	4,57	4,34	4,15	3,96	3,78	6,23	0
20/09/2021 18:40:00	6,24	6,25	6,10	5,83	5,59	5,43	5,19	4,93	4,66	4,44	4,26	4,08	3,91	6,30	0
20/09/2021 18:45:00	6,26	6,29	6,09	5,85	5,45	5,25	5,00	4,73	4,43	4,17	3,97	3,76	3,56	6,21	0
20/09/2021 18:50:00	6,25	6,21	6,02	5,86	5,67	5,40	5,15	4,89	4,62	4,38	4,17	3,95	3,74	6,30	0
20/09/2021 18:55:00	6,21	6,20	6,02	5,81	5,56	5,30	5,04	4,76	4,48	4,22	4,01	3,79	3,58	6,19	0
20/09/2021 19:00:00	6,20	6,14	5,97	5,68	5,42	5,29	5,02	4,75	4,48	4,26	4,08	3,91	3,73	6,20	0
20/09/2021 19:05:00	6,21	6,23	6,06	5,80	5,54	5,31	5,04	4,77	4,48	4,23	4,02	3,82	3,61	6,20	0
20/09/2021 19:10:00	6,20	6,25	6,07	5,82	5,57	5,29	5,02	4,74	4,45	4,20	3,98	3,77	3,55	6,20	0
20/09/2021 19:15:00	6,12	6,20	6,03	5,80	5,54	5,23	5,00	4,74	4,44	4,17	3,95	3,72	3,50	6,20	0
20/09/2021 19:20:00	6,12	6,12	5,92	5,70	5,49	5,21	4,99	4,75	4,47	4,24	4,04	3,85	3,65	6,21	0
20/09/2021 19:25:00	6,20	6,22	6,01	5,71	5,44	5,29	5,01	4,74	4,46	4,24	4,07	3,90	3,73	6,23	0
20/09/2021 19:30:00	6,21	6,20	6,06	5,82	5,55	5,26	4,97	4,68	4,37	4,10	3,86	3,62	3,38	6,20	0
20/09/2021 19:35:00	6,23	6,19	6,01	5,74	5,51	5,26	4,99	4,70	4,42	4,17	3,96	3,75	3,54	6,25	0
20/09/2021 19:40:00	6,21	6,20	5,99	5,75	5,48	5,18	4,91	4,64	4,34	4,08	3,86	3,64	3,42	6,19	0
20/09/2021 19:45:00	6,21	6,22	6,08	5,82	5,58	5,21	4,92	4,62	4,30	4,02	3,76	3,50	3,24	6,20	0
20/09/2021 19:50:00	6,22	6,17	5,98	5,74	5,56	5,22	4,94	4,65	4,36	4,10	3,87	3,63	3,40	6,19	0
20/09/2021 19:55:00	6,16	6,19	6,01	5,72	5,47	5,18	4,92	4,65	4,35	4,09	3,88	3,67	3,46	6,15	0
20/09/2021 20:00:00	6,12	6,17	5,97	5,78	5,53	5,21	4,89	4,59	4,29	4,02	3,78	3,54	3,30	6,14	0
20/09/2021 20:05:00	6,11	6,16	5,90	5,59	5,29	5,09	4,77	4,47	4,19	3,95	3,77	3,59	3,41	6,19	0
20/09/2021 20:10:00	6,12	6,17	6,04	5,77	5,52	5,21	4,86	4,53	4,21	3,93	3,67	3,41	3,16	6,13	0
20/09/2021 20:15:00	6,10	6,14	5,94	5,71	5,42	5,19	4,87	4,56	4,27	4,02	3,80	3,58	3,36	6,11	0
20/09/2021 20:20:00	6,11	6,07	5,88	5,64	5,34	5,19	4,87	4,57	4,29	4,05	3,85	3,66	3,46	6,10	0
20/09/2021 20:25:00	6,17	6,08	5,87	5,63	5,29	5,10	4,82	4,54	4,25	4,00	3,79	3,59	3,38	6,06	0
20/09/2021 20:30:00	6,08	6,13	5,94	5,67	5,31	5,01	4,75	4,46	4,15	3,87	3,64	3,41	3,19	6,08	0
20/09/2021 20:35:00	6,05	5,98	5,74	5,45	5,18	4,99	4,67	4,38	4,10	3,86	3,68	3,49	3,30	6,05	0
20/09/2021 20:40:00	6,02	6,05	5,86	5,54	5,26	4,99	4,71	4,42	4,12	3,86	3,65	3,44	3,23	5,98	0
20/09/2021 20:45:00	5,99	5,93	5,71	5,46	5,31	5,05	4,77	4,50	4,23	4,00	3,82	3,62	3,43	5,95	0
20/09/2021 20:50:00	5,95	5,95	5,78	5,57	5,29	5,01	4,75	4,47	4,17	3,91	3,68	3,46	3,23	5,96	0
20/09/2021 20:55:00	5,96	5,91	5,73	5,50	5,19	4,96	4,71	4,45	4,16	3,91	3,70	3,49	3,28	5,97	0
20/09/2021 21:00:00	5,98	5,94	5,74	5,49	5,22	5,00	4,72	4,44	4,16	3,91	3,71	3,51	3,31	5,95	0
20/09/2021 21:05:00	5,99	5,92	5,71	5,47	5,23	4,97	4,68	4,38	4,10	3,85	3,63	3,42	3,21	5,98	0
20/09/2021 21:10:00	5,87	5,87	5,68	5,44	5,18	4,91	4,65	4,37	4,08	3,82	3,61	3,40	3,19	5,93	0
20/09/2021 21:15:00	5,89	5,87	5,71	5,44	5,18	4,90	4,64	4,36	4,06	3,80	3,58	3,36	3,14	5,93	0
20/09/2021 21:20:00	5,87	5,81	5,62	5,37	5,07	4,87	4,59	4,31	4,03	3,78	3,58	3,38	3,18	5,93	0
20/09/2021 21:25:00	5,88	5,80	5,58	5,41	5,24	4,98	4,71	4,44	4,17	3,93	3,73	3,53	3,32	5,86	0
20/09/2021 21:30:00	5,84	5,81	5,64	5,35	5,10	4,85	4,59	4,32	4,03	3,78	3,58	3,37	3,17	5,81	0
20/09/2021 21:35:00	5,86	5,80	5,61	5,31	5,15	4,90	4,63	4,36	4,09	3,86	3,67	3,48	3,29	5,86	0
20/09/2021 21:40:00	5,80	5,74	5,55	5,31	5,12	4,86	4,63	4,37	4,10	3,86	3,67	3,48	3,28	5,75	0
20/09/2021 21:45:00	5,80	5,75	5,56	5,33	5,14	4,84	4,59	4,33	4,05	3,80	3,60	3,39	3,18	5,81	0
20/09/2021 21:50:00	5,78	5,83	5,66	5,40	5,11	4,85	4,63	4,38	4,09	3,84	3,64	3,44	3,25	5,78	0
20/09/2021 21:55:00	5,79	5,73	5,56	5,41	5,15	4,89	4,63	4,36	4,08	3,82	3,61	3,38	3,16	5,80	0
20/09/2021 22:00:00	5,75	5,70	5,59	5,38	5,07	4,90	4,65	4,38	4,10	3,85	3,64	3,43	3,23	5,78	0
20/09/2021 22:05:00	5,77	5,74	5,59	5,34	5,09	4,87	4,62	4,36	4,08	3,83	3,64	3,44	3,24	5,81	0
20/09/2021 22:10:00	5,78	5,73	5,57	5,34	5,12	4,86	4,59	4,30	4,02	3,77	3,56	3,34	3,13	5,75	0
20/09/2021 22:15:00	5,78	5,78	5,57	5,35	5,11	4,90	4,67	4,42	4,15	3,93	3,75	3,57	3,39	5,78	0
20/09/2021 22:20:00	5,74	5,74	5,58	5,38	5,17	4,99	4,75	4,50	4,24	4,01	3,83	3,65	3,47	5,73	0
20/09/2021 22:25:00	5,72	5,75	5,59	5,29	5,13	4,92	4,66	4,40	4,13	3,90	3,73	3,55	3,38	5,73	0
20/09/2021 22:30:00	5,74	5,76	5,56	5,34	5,10	4,92	4,64	4,36	4,09	3,86	3,68	3,49	3,31	5,76	0
20/09/2021 22:35:00	5,69	5,75	5,58	5,32	5,10	4,83	4,53	4,23	3,94	3,69	3,48	3,27	3,06	5,70	0
20/09/2021 22:40:00	5,74	5,75	5,57	5,31	5,02	4,82	4,56	4,28	4,00	3,76	3,56	3,37	3,18	5,73	0
20/09/2021 22:45:00	5,68	5,64	5,43	5,23	4,98	4,71	4,51	4,27	3,99	3,75	3,56	3,36	3,17	5,70	0
20/09/2021 22:50:00	5,69	5,69	5,50	5,22	5,07	4,80	4,53	4,25	3,97	3,74	3,54	3,35	3,16	5,76	0
20/09/2021 22:55:00	5,72	5,65	5,45	5,29	5,05	4,80	4,56	4,31	4,03	3,79	3,59	3,38	3,18	5,70	0
20/09/2021 23:00:00	5,64	5,62	5,46	5,26	4,99	4,76	4,49	4,22	3,94	3,69	3,48	3,27	3,06	5,69	0
20/09/2021 23:05:00	5,72	5,67	5,48	5,30	4,97	4,80	4,51	4,23	3,94	3,69	3,49	3,28	3,07	5,72	0
20/09/2021 23:10:00	5,66	5,70	5,55	5,29	5,07	4,84	4,54	4,24	3,95	3,70	3,50	3,29	3,08	5,67	0
20/09/2021 23:15:00	5,70	5,64	5,43	5,26	5,06	4,83	4,60	4,35	4,08	3,86	3,67	3,48	3,29	5,68	0
20/09/2021 23:20:00	5,63	5,54	5,35	5,15	5,04	4,75	4,54	4,31	4,04	3,82	3,63	3,44	3,25	5,61	0
20/09/2021 23:25:00	5,64	5,63	5,46	5,23	5,00	4,74	4,47	4,20	3,91	3,66	3,45	3,24	3,03	5,64	0
20/09/2021 23:30:00	5,56	5,59	5,43	5,19	4,94	4,62	4,38	4,11	3,81	3,55	3,33	3,11	2,89	5,60	0
20/09/2021 23:35:00	5,61	5,52	5,33	5,12	4,85	4,67	4,41	4,14	3,86	3,63	3,44	3,25	3,06	5,63	0
20/09/2021 23:40:00	5,61	5,64	5,44	5,17	4,92	4,66	4,37	4,08	3,78	3,54	3,34	3,14	2,94	5,63	0
20/09/2021 23:45:00	5,62	5,59	5,42	5,17	4,98	4,76	4,49	4,22	3,95	3,71	3,53	3,34	3,15	5,58	0
20/09/2021 23:50:00	5,61	5,58	5,39	5,10	4,83	4,62	4,34	4,05	3,77	3,53	3,34	3,15	2,96	5,57	0
20/09/2021 23:55:00	5,57	5,55	5,35	5,10	4,89	4,67	4,38	4,09	3,82	3,59	3,40	3,22	3,03	5,56	0
