FileFormat:0002.2 file with temperature of atmosphere
200
local	GMT or Local
0	GMT-Local=[hours]
0	Height[m]
0	0	0	Longitude                [grd]               [min]               [sec]
0	0	0	Latitude                [grd]               [min]               [sec]
N	NS
59,40	Freq[GHz]
0,00	dTemostat[K]
0,150	MessErr[K]
0,248	//[grad/step]
version 14.0.20110218
MTP5H033F5940K-33.00D180214+A1.1
Commentary:
enter comment
End Of Commentary

SYSTEM\summer.dat
data time	0	50	100	150	200	250	300	350	400	450	500	550	600	OutsideTemperature	Quality
12/09/2021 00:00:00	15,74	16,19	16,54	16,69	16,77	16,79	16,67	16,52	16,30	16,05	15,74	15,40	15,05	15,80	0
12/09/2021 00:05:00	15,52	16,28	16,65	16,82	16,89	16,88	16,73	16,54	16,31	16,05	15,73	15,38	15,02	16,14	0
12/09/2021 00:10:00	15,69	16,25	16,63	16,77	16,84	16,89	16,78	16,62	16,40	16,17	15,87	15,54	15,21	16,47	0
12/09/2021 00:15:00	15,71	16,31	16,57	16,74	16,85	16,86	16,71	16,55	16,34	16,10	15,81	15,48	15,15	16,69	0
12/09/2021 00:20:00	15,90	16,31	16,54	16,72	16,83	16,82	16,70	16,54	16,34	16,10	15,81	15,46	15,12	16,80	0
12/09/2021 00:25:00	16,12	16,64	16,86	17,02	17,06	17,05	16,96	16,81	16,60	16,38	16,10	15,78	15,46	16,82	0
12/09/2021 00:30:00	16,44	16,91	17,17	17,31	17,35	17,42	17,33	17,20	17,00	16,79	16,53	16,22	15,92	16,82	0
12/09/2021 00:35:00	16,83	17,11	17,37	17,59	17,74	17,76	17,69	17,58	17,40	17,19	16,90	16,57	16,24	16,80	0
12/09/2021 00:40:00	16,74	17,18	17,48	17,68	17,80	17,85	17,78	17,67	17,48	17,27	17,00	16,68	16,36	16,77	0
12/09/2021 00:45:00	16,79	17,18	17,53	17,77	17,92	18,00	17,93	17,81	17,62	17,40	17,11	16,77	16,43	16,67	0
12/09/2021 00:50:00	16,63	17,13	17,49	17,71	17,81	17,88	17,83	17,72	17,54	17,32	17,05	16,73	16,41	16,53	0
12/09/2021 00:55:00	16,56	17,03	17,42	17,64	17,79	17,86	17,80	17,69	17,50	17,29	17,01	16,68	16,35	16,51	0
12/09/2021 01:00:00	16,40	17,17	17,57	17,79	17,94	18,00	17,90	17,75	17,55	17,31	17,01	16,67	16,33	16,47	0
12/09/2021 01:05:00	16,44	17,18	17,69	17,96	18,13	18,21	18,11	17,96	17,75	17,50	17,17	16,79	16,42	16,43	0
12/09/2021 01:10:00	16,36	17,14	17,64	17,89	17,99	17,97	17,88	17,74	17,51	17,24	16,90	16,52	16,14	16,22	0
12/09/2021 01:15:00	16,06	16,99	17,50	17,78	17,91	17,98	17,91	17,77	17,56	17,32	17,02	16,67	16,33	16,10	0
12/09/2021 01:20:00	16,00	16,92	17,38	17,58	17,71	17,71	17,60	17,45	17,22	16,97	16,66	16,31	15,96	15,99	0
12/09/2021 01:25:00	15,77	16,79	17,16	17,33	17,44	17,42	17,31	17,16	16,93	16,69	16,41	16,09	15,76	15,82	0
12/09/2021 01:30:00	15,73	16,51	16,84	17,02	17,15	17,22	17,18	17,07	16,88	16,69	16,45	16,18	15,91	15,70	0
12/09/2021 01:35:00	15,64	16,34	16,70	16,97	17,11	17,21	17,15	17,04	16,85	16,65	16,39	16,08	15,78	15,59	0
12/09/2021 01:40:00	15,49	16,27	16,73	17,00	17,15	17,22	17,14	17,01	16,80	16,57	16,27	15,93	15,60	15,55	0
12/09/2021 01:45:00	15,45	16,43	16,88	17,09	17,27	17,35	17,24	17,10	16,89	16,67	16,39	16,07	15,76	15,48	0
12/09/2021 01:50:00	15,36	16,40	16,88	17,11	17,20	17,21	17,11	16,95	16,72	16,46	16,15	15,80	15,45	15,29	0
12/09/2021 01:55:00	15,12	16,34	16,93	17,18	17,31	17,35	17,23	17,05	16,81	16,54	16,21	15,85	15,48	15,21	0
12/09/2021 02:00:00	15,13	16,28	16,85	17,15	17,28	17,34	17,25	17,10	16,87	16,61	16,30	15,94	15,59	15,07	0
12/09/2021 02:05:00	15,17	16,24	16,69	16,99	17,15	17,24	17,16	17,03	16,83	16,61	16,34	16,03	15,72	15,12	0
12/09/2021 02:10:00	15,03	16,28	16,82	17,12	17,29	17,38	17,27	17,12	16,90	16,66	16,37	16,04	15,70	15,03	0
12/09/2021 02:15:00	15,13	16,09	16,54	16,86	17,02	17,12	17,07	16,95	16,76	16,55	16,29	15,98	15,67	15,11	0
12/09/2021 02:20:00	15,24	16,10	16,50	16,76	16,91	16,99	16,92	16,80	16,61	16,40	16,14	15,84	15,53	15,32	0
12/09/2021 02:25:00	15,40	16,15	16,53	16,80	16,94	17,06	17,03	16,93	16,76	16,57	16,33	16,05	15,77	15,32	0
12/09/2021 02:30:00	15,46	16,22	16,57	16,81	16,99	17,08	17,03	16,92	16,74	16,55	16,31	16,03	15,75	15,43	0
12/09/2021 02:35:00	15,54	16,13	16,45	16,68	16,82	16,93	16,89	16,79	16,62	16,43	16,19	15,91	15,63	15,55	0
12/09/2021 02:40:00	15,46	16,11	16,48	16,79	17,02	17,15	17,11	17,02	16,86	16,68	16,44	16,15	15,87	15,55	0
12/09/2021 02:45:00	15,63	16,27	16,69	17,03	17,29	17,45	17,43	17,35	17,20	17,01	16,77	16,48	16,19	15,49	0
12/09/2021 02:50:00	15,36	15,99	16,45	16,81	17,12	17,28	17,25	17,18	17,03	16,85	16,60	16,30	16,00	15,44	0
12/09/2021 02:55:00	15,48	16,04	16,48	16,79	17,02	17,15	17,13	17,05	16,88	16,69	16,44	16,13	15,83	15,40	0
12/09/2021 03:00:00	15,36	16,17	16,65	16,92	17,13	17,26	17,23	17,13	16,95	16,75	16,50	16,21	15,92	15,39	0
12/09/2021 03:05:00	15,45	15,95	16,40	16,76	17,02	17,13	17,17	17,12	16,96	16,78	16,54	16,25	15,95	15,34	0
12/09/2021 03:10:00	15,24	15,88	16,32	16,69	16,98	17,11	17,07	16,98	16,82	16,63	16,37	16,05	15,74	15,33	0
12/09/2021 03:15:00	15,30	15,94	16,39	16,74	16,95	17,11	17,12	17,05	16,90	16,72	16,48	16,20	15,91	15,35	0
12/09/2021 03:20:00	15,48	15,98	16,37	16,78	16,96	17,08	17,11	17,06	16,91	16,72	16,47	16,17	15,87	15,34	0
12/09/2021 03:25:00	15,26	15,85	16,37	16,73	17,00	17,24	17,25	17,19	17,05	16,88	16,65	16,37	16,09	15,24	0
12/09/2021 03:30:00	15,35	15,82	16,32	16,79	17,08	17,19	17,19	17,13	16,97	16,76	16,47	16,12	15,77	15,20	0
12/09/2021 03:35:00	15,07	15,85	16,37	16,72	16,94	17,09	17,09	17,01	16,84	16,64	16,39	16,09	15,78	15,19	0
12/09/2021 03:40:00	15,15	15,83	16,38	16,82	17,11	17,29	17,30	17,24	17,09	16,90	16,64	16,33	16,02	15,07	0
12/09/2021 03:45:00	15,07	15,62	16,14	16,56	16,85	17,05	17,07	17,02	16,87	16,70	16,45	16,15	15,85	15,05	0
12/09/2021 03:50:00	15,06	15,60	16,08	16,48	16,78	16,97	16,97	16,91	16,77	16,59	16,35	16,05	15,75	14,98	0
12/09/2021 03:55:00	14,96	15,66	16,18	16,61	16,90	17,08	17,05	16,97	16,81	16,62	16,35	16,03	15,71	14,98	0
12/09/2021 04:00:00	14,96	15,64	16,12	16,44	16,69	16,86	16,85	16,78	16,62	16,44	16,21	15,93	15,65	14,89	0
12/09/2021 04:05:00	14,90	15,50	15,96	16,33	16,63	16,76	16,78	16,73	16,58	16,40	16,17	15,88	15,59	14,86	0
12/09/2021 04:10:00	14,74	15,50	16,00	16,30	16,48	16,58	16,59	16,51	16,33	16,13	15,88	15,59	15,30	14,80	0
12/09/2021 04:15:00	14,83	15,43	15,87	16,21	16,51	16,75	16,77	16,73	16,60	16,45	16,26	16,02	15,77	14,79	0
12/09/2021 04:20:00	14,81	15,37	15,88	16,29	16,55	16,75	16,79	16,74	16,60	16,43	16,19	15,91	15,63	14,78	0
12/09/2021 04:25:00	14,79	15,20	15,65	16,02	16,31	16,56	16,59	16,55	16,43	16,27	16,07	15,80	15,54	14,73	0
12/09/2021 04:30:00	14,66	15,22	15,75	16,20	16,46	16,68	16,77	16,75	16,62	16,46	16,24	15,97	15,70	14,64	0
12/09/2021 04:35:00	14,60	15,18	15,63	16,04	16,37	16,62	16,65	16,62	16,50	16,36	16,16	15,91	15,66	14,64	0
12/09/2021 04:40:00	14,61	15,25	15,70	16,08	16,37	16,60	16,66	16,64	16,51	16,37	16,19	15,96	15,72	14,55	0
12/09/2021 04:45:00	14,67	15,14	15,60	16,02	16,37	16,67	16,72	16,70	16,60	16,47	16,28	16,04	15,80	14,54	0
12/09/2021 04:50:00	14,47	14,95	15,52	15,95	16,33	16,63	16,71	16,71	16,60	16,47	16,28	16,03	15,79	14,49	0
12/09/2021 04:55:00	14,43	15,09	15,71	16,21	16,59	16,88	16,96	16,96	16,85	16,70	16,50	16,24	15,97	14,47	0
12/09/2021 05:00:00	14,29	15,00	15,42	15,75	16,03	16,25	16,31	16,28	16,16	16,03	15,86	15,65	15,44	14,34	0
12/09/2021 05:05:00	14,40	14,94	15,48	15,94	16,28	16,61	16,70	16,70	16,60	16,48	16,31	16,08	15,85	14,31	0
12/09/2021 05:10:00	14,37	14,77	15,27	15,72	16,06	16,38	16,46	16,47	16,37	16,25	16,07	15,84	15,60	14,38	0
12/09/2021 05:15:00	14,34	14,77	15,22	15,71	16,14	16,41	16,48	16,48	16,39	16,27	16,09	15,85	15,61	14,32	0
12/09/2021 05:20:00	14,12	14,79	15,31	15,76	16,12	16,41	16,46	16,44	16,33	16,19	16,00	15,76	15,52	14,24	0
12/09/2021 05:25:00	14,25	14,72	15,21	15,70	16,09	16,36	16,43	16,42	16,32	16,18	15,99	15,73	15,48	14,20	0
12/09/2021 05:30:00	14,15	14,81	15,26	15,74	16,10	16,38	16,43	16,42	16,32	16,19	16,02	15,80	15,57	14,19	0
12/09/2021 05:35:00	14,13	14,74	15,24	15,70	16,09	16,31	16,36	16,35	16,23	16,08	15,89	15,63	15,37	14,09	0
12/09/2021 05:40:00	14,05	14,59	15,11	15,58	16,00	16,28	16,38	16,40	16,31	16,19	16,02	15,79	15,57	13,99	0
12/09/2021 05:45:00	14,07	14,49	14,92	15,43	15,89	16,17	16,24	16,24	16,16	16,04	15,87	15,64	15,40	14,05	0
12/09/2021 05:50:00	14,01	14,50	14,98	15,44	15,81	16,08	16,19	16,21	16,11	15,99	15,83	15,61	15,39	13,95	0
12/09/2021 05:55:00	13,98	14,43	14,96	15,44	15,84	16,16	16,23	16,23	16,14	16,02	15,84	15,60	15,36	13,97	0
12/09/2021 06:00:00	13,87	14,36	14,91	15,38	15,77	16,08	16,11	16,09	15,98	15,84	15,64	15,39	15,13	13,94	0
12/09/2021 06:05:00	13,79	14,37	14,98	15,55	15,98	16,23	16,33	16,34	16,23	16,09	15,87	15,60	15,33	13,89	0
12/09/2021 06:10:00	13,81	14,33	14,89	15,40	15,79	16,12	16,17	16,16	16,06	15,92	15,73	15,47	15,22	13,85	0
12/09/2021 06:15:00	13,90	14,46	15,06	15,62	16,01	16,31	16,39	16,38	16,28	16,13	15,92	15,65	15,37	13,84	0
12/09/2021 06:20:00	13,92	14,48	15,13	15,74	16,09	16,40	16,49	16,48	16,37	16,21	15,98	15,69	15,40	13,89	0
12/09/2021 06:25:00	13,77	14,35	14,88	15,38	15,81	16,08	16,16	16,15	16,05	15,93	15,74	15,50	15,26	13,80	0
12/09/2021 06:30:00	13,72	14,40	14,91	15,36	15,76	16,02	16,09	16,07	15,97	15,84	15,66	15,43	15,20	13,77	0
12/09/2021 06:35:00	13,85	14,45	14,91	15,35	15,75	16,00	16,12	16,14	16,05	15,94	15,80	15,60	15,40	13,79	0
12/09/2021 06:40:00	13,90	14,30	14,81	15,38	15,78	16,12	16,24	16,28	16,20	16,09	15,93	15,71	15,48	13,86	0
12/09/2021 06:45:00	13,90	14,33	14,93	15,50	15,90	16,19	16,27	16,28	16,18	16,03	15,81	15,53	15,26	13,90	0
12/09/2021 06:50:00	14,01	14,48	14,95	15,49	15,87	16,15	16,24	16,25	16,15	16,03	15,85	15,60	15,36	14,01	0
12/09/2021 06:55:00	14,14	14,48	14,82	15,28	15,62	15,86	15,94	15,95	15,86	15,75	15,60	15,38	15,17	14,10	0
12/09/2021 07:00:00	14,15	14,43	14,65	15,06	15,39	15,69	15,79	15,82	15,76	15,68	15,58	15,42	15,27	14,22	0
12/09/2021 07:05:00	14,39	14,47	14,70	15,11	15,43	15,72	15,85	15,89	15,83	15,76	15,65	15,49	15,32	14,30	0
12/09/2021 07:10:00	14,46	14,62	14,82	15,26	15,56	15,79	15,86	15,88	15,79	15,69	15,54	15,34	15,13	14,44	0
12/09/2021 07:15:00	14,60	14,80	15,02	15,43	15,71	15,94	16,05	16,07	15,99	15,89	15,76	15,57	15,38	14,60	0
12/09/2021 07:20:00	14,69	14,81	15,11	15,58	15,93	16,17	16,28	16,30	16,22	16,11	15,95	15,72	15,49	14,70	0
12/09/2021 07:25:00	14,82	14,97	15,13	15,64	16,01	16,25	16,31	16,33	16,26	16,16	16,01	15,79	15,57	14,74	0
12/09/2021 07:30:00	14,90	14,98	15,05	15,45	15,80	16,04	16,10	16,11	16,05	15,97	15,85	15,66	15,48	15,03	0
12/09/2021 07:35:00	15,17	15,10	15,06	15,37	15,63	15,83	15,90	15,91	15,84	15,77	15,67	15,51	15,35	15,15	0
12/09/2021 07:40:00	15,31	15,13	15,06	15,35	15,61	15,79	15,87	15,90	15,83	15,77	15,67	15,52	15,36	15,25	0
12/09/2021 07:45:00	15,48	15,21	15,10	15,42	15,66	15,86	15,99	16,04	15,99	15,94	15,86	15,73	15,59	15,29	0
12/09/2021 07:50:00	15,59	15,28	15,18	15,48	15,83	16,09	16,17	16,20	16,17	16,12	16,05	15,91	15,77	15,20	0
12/09/2021 07:55:00	15,59	15,32	15,32	15,61	15,93	16,14	16,19	16,20	16,13	16,05	15,92	15,73	15,54	15,38	0
12/09/2021 08:00:00	15,42	15,18	15,16	15,49	15,73	15,98	16,04	16,05	15,99	15,91	15,79	15,62	15,44	15,51	0
12/09/2021 08:05:00	15,45	15,23	15,31	15,60	15,87	16,07	16,13	16,14	16,06	15,96	15,82	15,62	15,42	15,45	0
12/09/2021 08:10:00	15,42	15,20	15,22	15,46	15,77	16,01	16,12	16,16	16,11	16,05	15,97	15,83	15,69	15,40	0
12/09/2021 08:15:00	15,50	15,20	15,19	15,44	15,76	16,04	16,12	16,16	16,11	16,06	15,98	15,84	15,70	15,46	0
12/09/2021 08:20:00	15,68	15,31	15,28	15,62	15,89	16,12	16,22	16,25	16,20	16,13	16,02	15,85	15,67	15,64	0
12/09/2021 08:25:00	15,64	15,31	15,22	15,49	15,74	15,92	15,96	15,96	15,89	15,80	15,68	15,50	15,32	15,60	0
12/09/2021 08:30:00	15,73	15,36	15,22	15,34	15,49	15,70	15,73	15,72	15,64	15,57	15,48	15,34	15,20	15,74	0
12/09/2021 08:35:00	15,78	15,47	15,21	15,41	15,65	15,84	15,88	15,88	15,83	15,78	15,72	15,60	15,48	15,75	0
12/09/2021 08:40:00	16,55	15,67	15,01	15,05	15,20	15,36	15,42	15,45	15,43	15,43	15,44	15,39	15,34	16,00	0
12/09/2021 08:45:00	16,01	15,64	15,48	15,57	15,70	15,80	15,77	15,71	15,60	15,48	15,34	15,14	14,95	16,54	0
12/09/2021 08:50:00	16,09	15,74	15,51	15,64	15,79	15,90	15,90	15,87	15,77	15,67	15,55	15,38	15,21	16,45	0
12/09/2021 08:55:00	16,18	15,81	15,56	15,63	15,77	15,93	15,92	15,88	15,79	15,71	15,61	15,46	15,31	16,77	0
12/09/2021 09:00:00	16,97	16,26	15,55	15,48	15,47	15,50	15,51	15,48	15,42	15,37	15,34	15,26	15,19	16,79	0
12/09/2021 09:05:00	16,85	16,08	15,66	15,67	15,76	15,84	15,84	15,81	15,73	15,64	15,54	15,39	15,24	16,77	0
12/09/2021 09:10:00	17,34	16,27	15,54	15,47	15,59	15,79	15,80	15,81	15,79	15,79	15,80	15,75	15,70	16,91	0
12/09/2021 09:15:00	17,22	16,23	15,39	15,29	15,37	15,54	15,60	15,63	15,63	15,65	15,71	15,71	15,71	16,97	0
12/09/2021 09:20:00	16,74	16,33	15,90	15,88	15,89	15,94	15,93	15,88	15,77	15,69	15,59	15,46	15,32	17,28	0
12/09/2021 09:25:00	16,97	16,37	15,94	15,97	16,03	16,12	16,06	16,00	15,90	15,80	15,68	15,50	15,33	17,74	0
12/09/2021 09:30:00	17,21	16,45	15,93	15,86	15,93	16,03	15,99	15,94	15,85	15,77	15,69	15,55	15,42	17,52	0
12/09/2021 09:35:00	17,21	16,57	16,10	16,02	15,95	15,91	15,89	15,83	15,70	15,59	15,47	15,30	15,14	17,58	0
12/09/2021 09:40:00	17,20	16,65	16,25	16,17	16,14	16,13	16,04	15,94	15,80	15,66	15,51	15,30	15,10	17,62	0
12/09/2021 09:45:00	17,14	16,75	16,37	16,24	16,19	16,14	16,02	15,89	15,73	15,58	15,41	15,20	14,99	17,68	0
12/09/2021 09:50:00	17,24	16,90	16,49	16,32	16,22	16,17	16,03	15,89	15,72	15,56	15,40	15,19	14,98	17,96	0
12/09/2021 09:55:00	17,50	16,95	16,48	16,32	16,21	16,14	16,01	15,87	15,70	15,54	15,36	15,14	14,92	18,13	0
12/09/2021 10:00:00	17,62	17,05	16,59	16,44	16,36	16,28	16,16	16,04	15,88	15,72	15,55	15,34	15,12	18,40	0
12/09/2021 10:05:00	17,84	17,38	16,95	16,79	16,72	16,61	16,47	16,33	16,16	15,98	15,79	15,56	15,32	18,24	0
12/09/2021 10:10:00	17,83	17,36	16,98	16,79	16,66	16,59	16,46	16,33	16,15	15,98	15,80	15,57	15,35	18,35	0
12/09/2021 10:15:00	18,06	17,54	17,00	16,78	16,63	16,51	16,39	16,25	16,09	15,93	15,77	15,58	15,38	18,45	0
12/09/2021 10:20:00	18,28	17,54	17,03	16,84	16,74	16,63	16,47	16,32	16,15	15,97	15,77	15,52	15,27	18,59	0
12/09/2021 10:25:00	18,33	17,66	17,10	16,88	16,74	16,62	16,46	16,30	16,13	15,95	15,76	15,53	15,29	18,72	0
12/09/2021 10:30:00	18,55	17,87	17,27	16,97	16,73	16,54	16,33	16,14	15,93	15,73	15,51	15,25	14,99	19,12	0
12/09/2021 10:35:00	18,76	17,96	17,31	16,98	16,77	16,56	16,36	16,17	15,97	15,78	15,57	15,33	15,08	19,06	0
12/09/2021 10:40:00	18,85	18,10	17,40	17,06	16,85	16,69	16,49	16,31	16,13	15,95	15,77	15,55	15,33	18,97	0
12/09/2021 10:45:00	18,59	18,15	17,66	17,37	17,15	16,92	16,70	16,48	16,26	16,03	15,78	15,50	15,21	19,16	0
12/09/2021 10:50:00	18,55	18,24	17,74	17,42	17,17	16,92	16,70	16,48	16,26	16,03	15,80	15,53	15,26	19,36	0
12/09/2021 10:55:00	18,87	18,17	17,60	17,28	17,04	16,84	16,66	16,48	16,27	16,08	15,86	15,62	15,37	19,76	0
12/09/2021 11:00:00	18,97	18,26	17,53	17,23	17,05	16,90	16,72	16,55	16,38	16,23	16,06	15,85	15,65	19,46	0
12/09/2021 11:05:00	18,96	18,32	17,71	17,33	17,09	16,88	16,67	16,48	16,27	16,08	15,87	15,64	15,40	19,30	0
12/09/2021 11:10:00	18,84	18,36	17,84	17,58	17,35	17,11	16,90	16,70	16,48	16,26	16,02	15,74	15,46	19,22	0
12/09/2021 11:15:00	18,69	18,44	17,92	17,61	17,37	17,15	16,89	16,65	16,41	16,18	15,93	15,65	15,37	19,18	0
12/09/2021 11:20:00	18,89	18,50	18,06	17,78	17,52	17,30	17,04	16,79	16,55	16,30	16,01	15,69	15,37	19,34	0
12/09/2021 11:25:00	18,80	18,56	18,21	17,91	17,59	17,32	17,04	16,78	16,51	16,22	15,90	15,56	15,21	19,55	0
12/09/2021 11:30:00	18,73	18,63	18,27	17,98	17,69	17,44	17,14	16,86	16,59	16,31	15,99	15,64	15,29	19,59	0
12/09/2021 11:35:00	18,86	18,61	18,23	17,95	17,72	17,49	17,21	16,95	16,69	16,42	16,12	15,77	15,43	19,54	0
12/09/2021 11:40:00	19,20	18,95	18,47	18,17	17,85	17,61	17,36	17,12	16,87	16,62	16,35	16,04	15,73	19,56	0
12/09/2021 11:45:00	19,60	19,09	18,57	18,26	18,03	17,82	17,57	17,34	17,11	16,88	16,61	16,31	16,00	19,57	0
12/09/2021 11:50:00	19,48	19,05	18,50	18,18	17,87	17,61	17,35	17,10	16,86	16,61	16,33	16,01	15,70	19,68	0
12/09/2021 11:55:00	19,47	19,12	18,59	18,22	17,88	17,62	17,36	17,12	16,87	16,63	16,36	16,07	15,78	19,59	0
12/09/2021 12:00:00	19,54	19,17	18,67	18,29	17,98	17,73	17,45	17,19	16,94	16,69	16,41	16,09	15,78	19,74	0
12/09/2021 12:05:00	19,48	19,10	18,70	18,36	18,07	17,80	17,53	17,28	17,02	16,75	16,44	16,10	15,77	19,70	0
12/09/2021 12:10:00	19,50	19,26	18,77	18,40	18,09	17,79	17,49	17,21	16,94	16,67	16,37	16,04	15,70	19,67	0
12/09/2021 12:15:00	19,67	19,21	18,73	18,37	18,07	17,78	17,50	17,23	16,97	16,70	16,39	16,05	15,71	19,99	0
12/09/2021 12:20:00	19,65	19,29	18,83	18,47	18,15	17,87	17,58	17,30	17,04	16,76	16,45	16,11	15,77	19,94	0
12/09/2021 12:25:00	19,54	19,35	18,93	18,53	18,16	17,83	17,55	17,28	17,00	16,72	16,42	16,09	15,77	19,68	0
12/09/2021 12:30:00	19,60	19,37	18,96	18,55	18,21	17,94	17,65	17,37	17,09	16,82	16,51	16,18	15,85	19,64	0
12/09/2021 12:35:00	19,71	19,42	18,94	18,58	18,27	17,98	17,68	17,40	17,13	16,86	16,55	16,21	15,87	19,90	0
12/09/2021 12:40:00	19,60	19,41	19,05	18,70	18,35	18,06	17,74	17,44	17,15	16,85	16,50	16,13	15,75	19,77	0
12/09/2021 12:45:00	19,88	19,76	19,38	19,03	18,71	18,39	18,07	17,76	17,47	17,17	16,82	16,44	16,06	19,90	0
12/09/2021 12:50:00	19,99	19,83	19,42	19,05	18,71	18,36	18,03	17,72	17,43	17,11	16,76	16,38	16,00	20,01	0
12/09/2021 12:55:00	19,87	19,74	19,39	19,02	18,62	18,28	17,92	17,59	17,27	16,94	16,55	16,14	15,73	19,74	0
12/09/2021 13:00:00	20,41	19,85	19,25	18,83	18,45	18,12	17,79	17,50	17,23	16,94	16,62	16,27	15,91	20,32	0
12/09/2021 13:05:00	20,21	19,92	19,41	18,99	18,62	18,27	17,92	17,61	17,31	17,00	16,66	16,28	15,91	20,47	0
12/09/2021 13:10:00	20,89	20,15	19,25	18,81	18,40	18,03	17,68	17,38	17,13	16,87	16,59	16,26	15,94	20,98	0
12/09/2021 13:15:00	20,79	20,13	19,29	18,83	18,37	18,01	17,68	17,39	17,12	16,86	16,57	16,25	15,93	20,57	0
12/09/2021 13:20:00	20,37	19,94	19,46	19,09	18,69	18,35	18,02	17,72	17,43	17,12	16,76	16,37	15,98	20,56	0
12/09/2021 13:25:00	20,14	19,91	19,48	19,15	18,83	18,52	18,21	17,92	17,64	17,34	17,00	16,62	16,25	20,18	0
12/09/2021 13:30:00	19,90	19,86	19,57	19,23	18,96	18,64	18,29	17,98	17,68	17,36	16,98	16,58	16,18	19,90	0
12/09/2021 13:35:00	19,84	19,84	19,54	19,24	18,90	18,54	18,20	17,88	17,57	17,24	16,85	16,44	16,02	19,84	0
12/09/2021 13:40:00	19,60	19,67	19,43	19,11	18,86	18,54	18,23	17,94	17,64	17,33	16,98	16,60	16,22	19,62	0
12/09/2021 13:45:00	19,58	19,68	19,46	19,21	18,90	18,58	18,27	17,97	17,66	17,33	16,96	16,55	16,14	19,56	0
12/09/2021 13:50:00	19,66	19,63	19,32	19,02	18,71	18,40	18,10	17,81	17,52	17,21	16,86	16,48	16,11	19,61	0
12/09/2021 13:55:00	19,65	19,45	19,06	18,75	18,47	18,20	17,91	17,64	17,38	17,10	16,78	16,44	16,09	19,61	0
12/09/2021 14:00:00	19,59	19,49	19,12	18,82	18,54	18,24	17,94	17,66	17,38	17,09	16,76	16,39	16,02	19,66	0
12/09/2021 14:05:00	19,68	19,68	19,39	19,03	18,70	18,43	18,14	17,85	17,56	17,27	16,94	16,59	16,23	19,66	0
12/09/2021 14:10:00	19,41	19,53	19,39	19,13	18,86	18,59	18,29	18,00	17,71	17,39	17,02	16,62	16,23	19,57	0
12/09/2021 14:15:00	19,52	19,69	19,48	19,18	18,90	18,62	18,31	18,02	17,72	17,42	17,06	16,68	16,30	19,52	0
12/09/2021 14:20:00	19,62	19,62	19,32	19,05	18,78	18,51	18,25	17,99	17,72	17,44	17,12	16,77	16,42	19,63	0
12/09/2021 14:25:00	19,84	19,73	19,33	19,03	18,74	18,49	18,21	17,94	17,68	17,40	17,09	16,75	16,40	19,72	0
12/09/2021 14:30:00	20,13	19,74	19,21	18,85	18,57	18,32	18,08	17,85	17,62	17,39	17,13	16,85	16,56	19,83	0
12/09/2021 14:35:00	20,10	19,74	19,32	19,04	18,75	18,48	18,24	18,00	17,75	17,49	17,19	16,86	16,53	19,86	0
12/09/2021 14:40:00	20,02	19,82	19,48	19,23	18,96	18,69	18,41	18,15	17,88	17,59	17,25	16,88	16,50	20,02	0
12/09/2021 14:45:00	19,84	19,73	19,44	19,24	19,03	18,79	18,53	18,28	18,03	17,75	17,42	17,06	16,69	19,91	0
12/09/2021 14:50:00	19,74	19,64	19,43	19,21	18,99	18,74	18,47	18,20	17,93	17,63	17,28	16,88	16,49	19,76	0
12/09/2021 14:55:00	19,53	19,61	19,43	19,21	19,00	18,79	18,51	18,25	17,98	17,68	17,34	16,96	16,58	19,54	0
12/09/2021 15:00:00	19,54	19,58	19,36	19,11	18,88	18,62	18,35	18,09	17,82	17,53	17,20	16,84	16,47	19,49	0
12/09/2021 15:05:00	19,59	19,59	19,35	19,10	18,79	18,56	18,30	18,03	17,75	17,46	17,13	16,77	16,40	19,50	0
12/09/2021 15:10:00	19,59	19,56	19,31	19,07	18,82	18,57	18,31	18,05	17,77	17,48	17,15	16,78	16,41	19,64	0
12/09/2021 15:15:00	19,64	19,63	19,32	18,98	18,67	18,41	18,11	17,83	17,55	17,26	16,94	16,59	16,24	19,67	0
12/09/2021 15:20:00	19,68	19,59	19,29	19,03	18,74	18,46	18,14	17,85	17,56	17,24	16,87	16,47	16,07	19,64	0
12/09/2021 15:25:00	19,76	19,63	19,26	18,94	18,65	18,35	18,04	17,76	17,47	17,18	16,84	16,48	16,11	19,77	0
12/09/2021 15:30:00	19,74	19,61	19,30	19,05	18,76	18,46	18,16	17,87	17,58	17,27	16,91	16,51	16,12	19,64	0
12/09/2021 15:35:00	19,73	19,60	19,28	18,98	18,72	18,45	18,16	17,89	17,61	17,33	17,00	16,63	16,27	19,70	0
12/09/2021 15:40:00	19,72	19,63	19,30	18,97	18,73	18,49	18,19	17,91	17,63	17,35	17,03	16,67	16,31	19,79	0
12/09/2021 15:45:00	19,52	19,52	19,20	18,91	18,64	18,36	18,06	17,77	17,49	17,19	16,85	16,49	16,12	19,59	0
12/09/2021 15:50:00	19,59	19,54	19,27	18,94	18,62	18,36	18,08	17,81	17,52	17,23	16,90	16,54	16,18	19,57	0
12/09/2021 15:55:00	19,53	19,52	19,27	18,95	18,64	18,37	18,07	17,78	17,49	17,19	16,85	16,48	16,11	19,65	0
12/09/2021 16:00:00	19,61	19,71	19,47	19,18	18,82	18,49	18,18	17,87	17,56	17,24	16,86	16,46	16,06	19,62	0
12/09/2021 16:05:00	19,69	19,69	19,33	18,99	18,72	18,46	18,17	17,89	17,62	17,34	17,04	16,70	16,36	19,59	0
12/09/2021 16:10:00	19,62	19,63	19,29	18,99	18,71	18,42	18,13	17,86	17,58	17,29	16,97	16,61	16,25	19,63	0
12/09/2021 16:15:00	19,68	19,61	19,25	18,95	18,68	18,36	18,07	17,80	17,52	17,23	16,90	16,53	16,17	19,66	0
12/09/2021 16:20:00	19,79	19,70	19,35	19,00	18,66	18,39	18,11	17,83	17,56	17,28	16,96	16,62	16,28	19,79	0
12/09/2021 16:25:00	20,12	19,88	19,35	19,00	18,68	18,38	18,08	17,80	17,54	17,27	16,97	16,63	16,30	19,99	0
12/09/2021 16:30:00	20,17	19,91	19,40	18,99	18,67	18,37	18,09	17,82	17,56	17,30	17,01	16,70	16,38	20,19	0
12/09/2021 16:35:00	20,25	19,94	19,49	19,14	18,79	18,48	18,19	17,91	17,63	17,34	17,01	16,65	16,28	20,39	0
12/09/2021 16:40:00	19,98	19,94	19,65	19,30	18,99	18,68	18,36	18,06	17,76	17,45	17,09	16,71	16,32	20,19	0
12/09/2021 16:45:00	19,86	19,99	19,73	19,40	19,05	18,75	18,41	18,09	17,78	17,45	17,08	16,68	16,28	20,30	0
12/09/2021 16:50:00	19,80	20,01	19,82	19,52	19,19	18,85	18,50	18,17	17,84	17,49	17,09	16,66	16,22	20,12	0
12/09/2021 16:55:00	19,68	19,90	19,71	19,41	19,10	18,78	18,45	18,14	17,82	17,49	17,11	16,70	16,29	19,99	0
12/09/2021 17:00:00	19,96	20,16	20,03	19,77	19,44	19,10	18,78	18,46	18,14	17,79	17,38	16,94	16,50	19,93	0
12/09/2021 17:05:00	19,88	20,16	20,04	19,75	19,43	19,11	18,80	18,49	18,17	17,84	17,46	17,05	16,64	19,84	0
12/09/2021 17:10:00	19,74	20,04	19,98	19,71	19,42	19,13	18,82	18,51	18,19	17,84	17,44	17,01	16,59	19,84	0
12/09/2021 17:15:00	19,93	20,27	20,17	19,95	19,65	19,31	19,00	18,69	18,37	18,03	17,63	17,19	16,76	19,76	0
12/09/2021 17:20:00	19,76	20,04	19,92	19,65	19,36	19,05	18,72	18,41	18,09	17,75	17,35	16,93	16,50	19,85	0
12/09/2021 17:25:00	19,84	20,22	20,14	19,91	19,62	19,31	19,01	18,71	18,40	18,06	17,67	17,26	16,84	19,87	0
12/09/2021 17:30:00	19,72	20,18	20,14	19,87	19,60	19,32	19,01	18,70	18,39	18,06	17,68	17,27	16,86	19,77	0
12/09/2021 17:35:00	19,78	20,14	20,11	19,89	19,60	19,30	19,00	18,70	18,38	18,03	17,63	17,20	16,76	19,74	0
12/09/2021 17:40:00	19,69	20,12	20,12	19,94	19,70	19,44	19,15	18,85	18,54	18,21	17,81	17,37	16,94	19,77	0
12/09/2021 17:45:00	19,76	20,24	20,22	20,00	19,75	19,48	19,17	18,85	18,53	18,19	17,78	17,35	16,91	19,67	0
12/09/2021 17:50:00	19,70	20,24	20,27	20,06	19,78	19,48	19,17	18,86	18,53	18,18	17,77	17,33	16,89	19,72	0
12/09/2021 17:55:00	19,61	20,41	20,47	20,30	20,05	19,73	19,38	19,04	18,69	18,32	17,88	17,41	16,94	19,60	0
12/09/2021 18:00:00	19,49	20,05	20,12	19,92	19,69	19,43	19,12	18,82	18,50	18,15	17,75	17,32	16,88	19,54	0
12/09/2021 18:05:00	19,45	20,14	20,21	20,05	19,83	19,54	19,22	18,91	18,58	18,23	17,81	17,36	16,91	19,55	0
12/09/2021 18:10:00	19,44	19,99	20,06	19,89	19,66	19,39	19,10	18,80	18,48	18,13	17,73	17,29	16,85	19,42	0
12/09/2021 18:15:00	19,32	20,07	20,14	19,91	19,64	19,37	19,05	18,73	18,39	18,05	17,64	17,22	16,79	19,44	0
12/09/2021 18:20:00	19,21	19,96	20,10	19,92	19,69	19,41	19,09	18,77	18,43	18,06	17,64	17,18	16,72	19,32	0
12/09/2021 18:25:00	19,19	19,92	20,08	19,93	19,70	19,42	19,11	18,79	18,46	18,10	17,67	17,21	16,75	19,24	0
12/09/2021 18:30:00	19,35	19,96	20,13	19,93	19,71	19,48	19,18	18,87	18,55	18,20	17,79	17,35	16,90	19,19	0
12/09/2021 18:35:00	19,62	19,98	20,00	19,84	19,62	19,40	19,12	18,85	18,55	18,23	17,84	17,42	17,00	19,37	0
12/09/2021 18:40:00	19,31	19,97	20,00	19,77	19,50	19,20	18,88	18,56	18,23	17,88	17,48	17,06	16,63	19,27	0
12/09/2021 18:45:00	19,13	19,74	19,80	19,62	19,39	19,10	18,79	18,47	18,15	17,79	17,38	16,93	16,49	19,28	0
12/09/2021 18:50:00	19,03	19,94	20,10	19,93	19,68	19,36	19,03	18,69	18,34	17,96	17,52	17,06	16,59	19,17	0
12/09/2021 18:55:00	18,95	19,81	19,94	19,79	19,56	19,29	19,00	18,69	18,36	18,01	17,61	17,18	16,75	19,01	0
12/09/2021 19:00:00	19,01	19,92	20,07	19,90	19,66	19,37	19,07	18,75	18,42	18,06	17,65	17,22	16,79	18,94	0
12/09/2021 19:05:00	18,85	19,56	19,67	19,48	19,24	18,97	18,65	18,34	18,01	17,66	17,25	16,82	16,39	18,87	0
12/09/2021 19:10:00	18,86	19,45	19,49	19,26	19,00	18,75	18,47	18,18	17,87	17,55	17,18	16,79	16,40	18,82	0
12/09/2021 19:15:00	18,69	19,26	19,28	19,07	18,86	18,60	18,33	18,04	17,73	17,42	17,05	16,66	16,27	18,82	0
12/09/2021 19:20:00	18,91	19,35	19,35	19,17	18,96	18,74	18,49	18,22	17,94	17,63	17,28	16,90	16,52	18,75	0
12/09/2021 19:25:00	18,74	19,15	19,20	19,01	18,84	18,66	18,41	18,16	17,88	17,58	17,24	16,86	16,49	18,72	0
12/09/2021 19:30:00	18,63	19,13	19,14	18,96	18,74	18,53	18,27	17,99	17,70	17,40	17,05	16,66	16,28	18,76	0
12/09/2021 19:35:00	18,40	19,12	19,19	19,05	18,84	18,59	18,31	18,02	17,71	17,38	17,00	16,60	16,19	18,58	0
12/09/2021 19:40:00	18,53	19,13	19,25	19,08	18,91	18,74	18,49	18,23	17,94	17,64	17,28	16,91	16,53	18,49	0
12/09/2021 19:45:00	18,60	19,06	19,16	19,00	18,85	18,65	18,40	18,14	17,85	17,54	17,18	16,79	16,40	18,31	0
12/09/2021 19:50:00	18,27	18,86	18,94	18,78	18,60	18,40	18,15	17,88	17,59	17,29	16,94	16,56	16,19	18,23	0
12/09/2021 19:55:00	18,26	18,85	18,92	18,77	18,59	18,42	18,19	17,94	17,66	17,36	17,03	16,67	16,30	18,29	0
12/09/2021 20:00:00	18,06	18,74	18,91	18,86	18,70	18,53	18,32	18,09	17,80	17,50	17,15	16,77	16,39	18,26	0
12/09/2021 20:05:00	18,20	18,89	19,00	18,85	18,69	18,52	18,28	18,03	17,74	17,45	17,12	16,75	16,39	18,09	0
12/09/2021 20:10:00	18,23	18,60	18,72	18,60	18,42	18,28	18,09	17,86	17,60	17,31	16,98	16,62	16,25	18,12	0
12/09/2021 20:15:00	18,07	18,75	18,87	18,77	18,63	18,47	18,23	17,98	17,70	17,40	17,06	16,68	16,30	18,09	0
12/09/2021 20:20:00	17,97	18,65	18,72	18,61	18,52	18,38	18,18	17,95	17,70	17,43	17,13	16,80	16,47	18,06	0
12/09/2021 20:25:00	17,90	18,51	18,59	18,55	18,43	18,34	18,15	17,93	17,68	17,41	17,10	16,76	16,42	17,99	0
12/09/2021 20:30:00	17,83	18,62	18,75	18,67	18,53	18,35	18,14	17,90	17,62	17,33	17,00	16,64	16,28	17,90	0
12/09/2021 20:35:00	17,73	18,43	18,50	18,43	18,29	18,18	17,98	17,76	17,50	17,24	16,94	16,61	16,27	17,80	0
12/09/2021 20:40:00	17,79	18,46	18,62	18,54	18,43	18,29	18,14	17,94	17,68	17,42	17,12	16,79	16,47	17,74	0
12/09/2021 20:45:00	17,65	18,23	18,36	18,29	18,26	18,18	18,02	17,82	17,59	17,35	17,07	16,75	16,44	17,70	0
12/09/2021 20:50:00	17,96	18,22	18,31	18,26	18,22	18,10	17,97	17,80	17,57	17,33	17,04	16,72	16,39	17,62	0
12/09/2021 20:55:00	17,49	18,08	18,25	18,23	18,21	18,13	17,95	17,74	17,50	17,23	16,92	16,58	16,23	17,62	0
12/09/2021 21:00:00	17,56	18,24	18,44	18,44	18,39	18,32	18,19	18,01	17,77	17,52	17,22	16,90	16,57	17,59	0
12/09/2021 21:05:00	17,54	18,32	18,53	18,52	18,41	18,30	18,12	17,90	17,64	17,36	17,04	16,68	16,32	17,46	0
12/09/2021 21:10:00	17,51	18,11	18,22	18,19	18,18	18,14	18,00	17,82	17,60	17,38	17,12	16,82	16,53	17,42	0
12/09/2021 21:15:00	17,45	18,04	18,21	18,18	18,16	18,16	18,03	17,86	17,65	17,43	17,17	16,88	16,59	17,44	0
12/09/2021 21:20:00	17,42	17,95	18,15	18,19	18,20	18,18	18,05	17,89	17,67	17,43	17,15	16,82	16,50	17,46	0
12/09/2021 21:25:00	17,39	17,95	18,11	18,12	18,11	18,08	17,96	17,80	17,58	17,35	17,08	16,77	16,47	17,35	0
12/09/2021 21:30:00	17,38	17,91	18,05	18,06	18,03	17,96	17,83	17,66	17,44	17,20	16,92	16,61	16,29	17,28	0
12/09/2021 21:35:00	17,23	17,85	18,03	18,10	18,15	18,15	18,04	17,89	17,68	17,47	17,21	16,91	16,61	17,28	0
12/09/2021 21:40:00	17,19	17,78	17,98	18,07	18,13	18,11	17,96	17,79	17,58	17,34	17,04	16,71	16,37	17,29	0
12/09/2021 21:45:00	17,19	17,90	18,18	18,28	18,30	18,29	18,15	17,98	17,75	17,50	17,20	16,86	16,52	17,22	0
12/09/2021 21:50:00	17,17	17,94	18,22	18,37	18,45	18,43	18,29	18,12	17,90	17,65	17,34	16,99	16,64	17,12	0
12/09/2021 21:55:00	17,14	17,81	18,16	18,29	18,37	18,33	18,21	18,04	17,81	17,55	17,23	16,86	16,50	17,07	0
12/09/2021 22:00:00	17,08	17,81	18,13	18,26	18,25	18,21	18,09	17,92	17,68	17,42	17,11	16,75	16,40	17,06	0
12/09/2021 22:05:00	17,07	17,89	18,16	18,25	18,24	18,20	18,08	17,91	17,67	17,43	17,14	16,81	16,48	17,03	0
12/09/2021 22:10:00	17,11	17,82	18,12	18,22	18,24	18,23	18,09	17,92	17,69	17,44	17,13	16,79	16,44	17,05	0
12/09/2021 22:15:00	17,00	17,88	18,19	18,28	18,28	18,22	18,09	17,90	17,66	17,40	17,09	16,74	16,39	17,06	0
12/09/2021 22:20:00	16,95	17,83	18,15	18,23	18,25	18,22	18,07	17,88	17,63	17,37	17,06	16,71	16,36	16,92	0
12/09/2021 22:25:00	16,92	17,81	18,08	18,10	18,07	18,03	17,86	17,66	17,41	17,15	16,84	16,50	16,16	16,86	0
12/09/2021 22:30:00	16,98	17,65	17,84	17,89	17,91	17,90	17,77	17,60	17,39	17,16	16,89	16,58	16,27	16,96	0
12/09/2021 22:35:00	17,08	17,65	17,91	18,02	18,03	18,01	17,91	17,75	17,54	17,30	17,01	16,68	16,35	17,06	0
12/09/2021 22:40:00	17,13	17,72	17,94	18,02	18,07	18,07	17,94	17,77	17,56	17,33	17,05	16,72	16,40	17,15	0
12/09/2021 22:45:00	17,17	17,65	17,86	17,99	18,03	18,02	17,93	17,79	17,58	17,35	17,07	16,75	16,43	17,16	0
12/09/2021 22:50:00	17,21	17,68	17,87	17,95	17,98	17,96	17,84	17,69	17,48	17,25	16,97	16,65	16,32	17,17	0
12/09/2021 22:55:00	17,21	17,69	17,90	17,99	18,03	18,02	17,92	17,78	17,57	17,35	17,07	16,75	16,44	17,20	0
12/09/2021 23:00:00	17,23	17,63	17,81	17,97	18,06	18,10	18,03	17,91	17,73	17,53	17,27	16,97	16,66	17,29	0
12/09/2021 23:05:00	17,33	17,82	18,00	18,11	18,16	18,13	18,06	17,93	17,73	17,51	17,24	16,93	16,63	17,31	0
12/09/2021 23:10:00	17,33	17,82	17,99	18,06	18,11	18,13	18,02	17,87	17,67	17,46	17,20	16,89	16,59	17,31	0
12/09/2021 23:15:00	17,23	17,78	17,99	18,11	18,17	18,16	18,06	17,91	17,71	17,48	17,20	16,88	16,56	17,35	0
12/09/2021 23:20:00	17,31	17,86	18,07	18,20	18,27	18,28	18,19	18,05	17,85	17,63	17,35	17,04	16,72	17,22	0
12/09/2021 23:25:00	17,19	17,85	18,05	18,22	18,33	18,32	18,25	18,13	17,94	17,73	17,48	17,18	16,88	17,21	0
12/09/2021 23:30:00	17,11	17,57	17,85	18,00	18,07	18,12	18,02	17,88	17,68	17,46	17,17	16,85	16,52	17,13	0
12/09/2021 23:35:00	17,07	17,61	17,90	18,14	18,28	18,32	18,25	18,13	17,94	17,72	17,44	17,10	16,77	17,07	0
12/09/2021 23:40:00	17,13	17,56	17,83	17,99	18,08	18,14	18,05	17,92	17,73	17,51	17,23	16,91	16,58	17,07	0
12/09/2021 23:45:00	16,96	17,51	17,74	17,96	18,09	18,19	18,11	18,00	17,83	17,63	17,38	17,08	16,78	17,04	0
12/09/2021 23:50:00	16,84	17,42	17,67	17,82	17,92	17,96	17,91	17,81	17,62	17,43	17,18	16,90	16,62	17,01	0
12/09/2021 23:55:00	16,93	17,49	17,74	17,92	18,01	18,06	18,02	17,92	17,74	17,55	17,30	17,02	16,73	16,95	0
