FileFormat:0002.2 file with temperature of atmosphere
200
local	GMT or Local
0	GMT-Local=[hours]
0	Height[m]
0	0	0	Longitude                [grd]               [min]               [sec]
0	0	0	Latitude                [grd]               [min]               [sec]
N	NS
59,40	Freq[GHz]
0,00	dTemostat[K]
0,150	MessErr[K]
0,248	//[grad/step]
version 14.0.20110218
MTP5H033F5940K-33.00D180214+A1.1
Commentary:
enter comment
End Of Commentary

SYSTEM\summer.dat
data time	0	50	100	150	200	250	300	350	400	450	500	550	600	OutsideTemperature	Quality
26/07/2021 00:00:00	16,24	18,47	19,46	19,70	19,65	19,41	19,06	18,67	18,25	17,77	17,17	16,55	15,92	16,23	0
26/07/2021 00:05:00	16,20	18,36	19,47	19,67	19,65	19,45	19,11	18,73	18,31	17,83	17,23	16,60	15,98	16,36	0
26/07/2021 00:10:00	16,34	18,47	19,65	19,92	19,95	19,74	19,42	19,05	18,64	18,15	17,53	16,88	16,23	16,29	0
26/07/2021 00:15:00	16,31	18,41	19,58	19,84	19,85	19,67	19,37	19,01	18,60	18,12	17,51	16,88	16,25	16,29	0
26/07/2021 00:20:00	16,20	18,38	19,54	19,82	19,81	19,60	19,29	18,92	18,50	18,01	17,40	16,76	16,12	16,14	0
26/07/2021 00:25:00	16,22	18,32	19,51	19,77	19,78	19,57	19,27	18,92	18,50	18,01	17,40	16,76	16,11	15,97	0
26/07/2021 00:30:00	16,20	18,32	19,52	19,85	19,84	19,63	19,32	18,96	18,54	18,04	17,41	16,75	16,08	16,14	0
26/07/2021 00:35:00	16,16	18,26	19,44	19,70	19,70	19,52	19,24	18,90	18,49	18,02	17,43	16,81	16,19	16,23	0
26/07/2021 00:40:00	16,21	18,33	19,57	19,85	19,89	19,74	19,39	19,02	18,60	18,10	17,47	16,81	16,15	16,18	0
26/07/2021 00:45:00	16,09	18,25	19,47	19,79	19,85	19,70	19,41	19,06	18,66	18,19	17,59	16,96	16,32	16,11	0
26/07/2021 00:50:00	16,04	18,30	19,58	19,89	19,90	19,71	19,43	19,08	18,66	18,17	17,55	16,91	16,26	16,04	0
26/07/2021 00:55:00	15,95	18,14	19,49	19,85	19,87	19,71	19,38	19,00	18,57	18,06	17,39	16,70	16,01	15,85	0
26/07/2021 01:00:00	15,79	18,02	19,29	19,57	19,58	19,42	19,13	18,78	18,36	17,88	17,27	16,64	16,00	15,87	0
26/07/2021 01:05:00	15,68	18,00	19,26	19,59	19,60	19,43	19,12	18,76	18,34	17,85	17,23	16,58	15,94	15,65	0
26/07/2021 01:10:00	15,63	17,92	19,21	19,52	19,58	19,43	19,14	18,79	18,38	17,90	17,29	16,65	16,01	15,45	0
26/07/2021 01:15:00	15,61	17,91	19,24	19,57	19,60	19,46	19,13	18,76	18,33	17,83	17,19	16,52	15,86	15,22	0
26/07/2021 01:20:00	15,55	17,84	19,23	19,55	19,58	19,42	19,12	18,76	18,33	17,82	17,18	16,51	15,84	15,09	0
26/07/2021 01:25:00	15,51	17,77	19,19	19,52	19,56	19,40	19,11	18,75	18,33	17,82	17,18	16,50	15,83	15,04	0
26/07/2021 01:30:00	15,20	17,41	18,76	19,16	19,25	19,13	18,85	18,52	18,12	17,64	17,02	16,37	15,73	15,02	0
26/07/2021 01:35:00	15,03	17,26	18,62	19,01	19,08	18,96	18,68	18,34	17,93	17,45	16,83	16,19	15,54	15,00	0
26/07/2021 01:40:00	15,07	17,30	18,67	19,08	19,12	18,98	18,66	18,30	17,87	17,36	16,72	16,04	15,36	15,02	0
26/07/2021 01:45:00	15,00	17,23	18,49	18,84	18,89	18,75	18,45	18,09	17,68	17,20	16,59	15,96	15,32	14,84	0
26/07/2021 01:50:00	15,01	17,28	18,49	18,86	18,87	18,75	18,46	18,12	17,71	17,25	16,66	16,05	15,43	14,96	0
26/07/2021 01:55:00	14,99	17,25	18,44	18,80	18,85	18,68	18,42	18,09	17,69	17,23	16,66	16,05	15,45	15,04	0
26/07/2021 02:00:00	15,03	17,31	18,49	18,79	18,72	18,55	18,26	17,91	17,49	17,01	16,43	15,81	15,20	15,02	0
26/07/2021 02:05:00	15,08	17,34	18,45	18,75	18,75	18,56	18,26	17,90	17,49	17,02	16,44	15,83	15,23	14,80	0
26/07/2021 02:10:00	15,15	17,32	18,29	18,57	18,62	18,49	18,22	17,90	17,53	17,11	16,60	16,06	15,52	14,75	0
26/07/2021 02:15:00	15,23	17,32	18,26	18,56	18,60	18,46	18,19	17,88	17,51	17,09	16,58	16,04	15,49	15,22	0
26/07/2021 02:20:00	15,14	17,29	18,32	18,60	18,63	18,45	18,17	17,84	17,45	17,01	16,46	15,89	15,31	15,51	0
26/07/2021 02:25:00	15,40	17,50	18,58	18,88	18,91	18,74	18,46	18,12	17,73	17,28	16,72	16,12	15,53	15,63	0
26/07/2021 02:30:00	15,69	17,69	18,84	19,19	19,29	19,17	18,89	18,56	18,18	17,73	17,15	16,54	15,93	15,71	0
26/07/2021 02:35:00	15,70	17,67	18,81	19,17	19,25	19,15	18,88	18,56	18,19	17,74	17,17	16,57	15,97	15,64	0
26/07/2021 02:40:00	15,58	17,62	18,73	19,09	19,16	19,08	18,87	18,60	18,24	17,83	17,31	16,76	16,20	15,57	0
26/07/2021 02:45:00	15,56	17,65	18,79	19,16	19,23	19,12	18,89	18,59	18,22	17,79	17,25	16,67	16,09	15,56	0
26/07/2021 02:50:00	15,43	17,49	18,76	19,15	19,31	19,24	18,98	18,67	18,30	17,85	17,27	16,66	16,04	15,52	0
26/07/2021 02:55:00	15,51	17,71	18,91	19,31	19,39	19,30	19,04	18,72	18,34	17,89	17,31	16,70	16,10	15,50	0
26/07/2021 03:00:00	15,38	17,63	18,90	19,21	19,29	19,23	18,96	18,63	18,25	17,80	17,24	16,65	16,06	15,30	0
26/07/2021 03:05:00	15,25	17,41	18,69	19,09	19,24	19,15	18,93	18,64	18,27	17,83	17,27	16,67	16,08	15,24	0
26/07/2021 03:10:00	15,14	17,19	18,43	18,83	18,93	18,85	18,62	18,32	17,95	17,50	16,94	16,34	15,74	15,10	0
26/07/2021 03:15:00	15,06	17,33	18,48	18,82	18,91	18,78	18,52	18,21	17,83	17,39	16,84	16,26	15,69	14,95	0
26/07/2021 03:20:00	14,89	17,11	18,32	18,72	18,92	18,87	18,64	18,36	18,01	17,59	17,07	16,51	15,96	14,83	0
26/07/2021 03:25:00	14,98	17,04	18,25	18,64	18,77	18,73	18,51	18,23	17,88	17,46	16,93	16,37	15,81	14,60	0
26/07/2021 03:30:00	14,51	16,82	18,03	18,44	18,58	18,51	18,27	17,97	17,60	17,17	16,64	16,07	15,50	14,52	0
26/07/2021 03:35:00	14,67	16,78	18,05	18,51	18,68	18,62	18,42	18,15	17,80	17,37	16,83	16,25	15,67	14,62	0
26/07/2021 03:40:00	14,58	16,72	18,07	18,54	18,75	18,75	18,53	18,25	17,90	17,48	16,93	16,34	15,76	14,27	0
26/07/2021 03:45:00	14,55	16,74	18,00	18,44	18,60	18,57	18,38	18,11	17,77	17,35	16,83	16,28	15,72	14,17	0
26/07/2021 03:50:00	14,58	16,65	17,85	18,33	18,52	18,52	18,34	18,09	17,76	17,37	16,86	16,32	15,78	14,24	0
26/07/2021 03:55:00	14,66	16,69	17,93	18,38	18,55	18,49	18,30	18,04	17,69	17,28	16,74	16,17	15,60	14,43	0
26/07/2021 04:00:00	14,56	16,55	17,80	18,18	18,30	18,32	18,11	17,84	17,49	17,09	16,57	16,02	15,47	14,56	0
26/07/2021 04:05:00	14,56	16,40	17,63	18,08	18,29	18,29	18,13	17,89	17,56	17,17	16,66	16,12	15,57	14,60	0
26/07/2021 04:10:00	14,71	16,51	17,77	18,26	18,47	18,50	18,33	18,10	17,77	17,38	16,87	16,31	15,75	14,72	0
26/07/2021 04:15:00	14,67	16,56	17,81	18,26	18,44	18,44	18,26	18,01	17,68	17,28	16,76	16,20	15,65	14,61	0
26/07/2021 04:20:00	14,73	16,48	17,72	18,20	18,38	18,40	18,26	18,03	17,71	17,32	16,82	16,27	15,73	14,49	0
26/07/2021 04:25:00	14,71	16,58	17,80	18,24	18,44	18,44	18,24	17,99	17,66	17,26	16,74	16,18	15,62	14,35	0
26/07/2021 04:30:00	14,47	16,19	17,39	17,84	18,02	18,04	17,86	17,61	17,29	16,90	16,39	15,84	15,29	14,29	0
26/07/2021 04:35:00	14,31	16,03	17,21	17,63	17,84	17,86	17,69	17,46	17,14	16,76	16,27	15,74	15,21	14,32	0
26/07/2021 04:40:00	14,32	16,28	17,51	17,88	18,05	18,00	17,81	17,55	17,21	16,80	16,29	15,74	15,20	14,36	0
26/07/2021 04:45:00	14,36	16,16	17,37	17,83	18,01	18,04	17,88	17,65	17,33	16,95	16,45	15,91	15,38	14,39	0
26/07/2021 04:50:00	14,48	16,26	17,48	17,89	18,08	18,04	17,88	17,64	17,30	16,90	16,39	15,84	15,29	14,39	0
26/07/2021 04:55:00	14,45	16,22	17,38	17,81	18,03	18,04	17,90	17,69	17,38	17,01	16,54	16,03	15,52	14,47	0
26/07/2021 05:00:00	14,44	16,34	17,51	17,93	18,09	18,04	17,85	17,58	17,24	16,83	16,31	15,76	15,20	14,40	0
26/07/2021 05:05:00	14,53	16,38	17,59	18,04	18,18	18,17	17,98	17,72	17,38	16,98	16,46	15,90	15,34	14,47	0
26/07/2021 05:10:00	14,46	16,37	17,57	18,02	18,22	18,24	18,04	17,79	17,47	17,08	16,57	16,03	15,49	14,44	0
26/07/2021 05:15:00	14,60	16,51	17,54	17,96	18,14	18,09	17,88	17,61	17,28	16,90	16,41	15,88	15,35	14,56	0
26/07/2021 05:20:00	14,59	16,45	17,26	17,61	17,72	17,73	17,52	17,26	16,97	16,63	16,22	15,77	15,32	14,55	0
26/07/2021 05:25:00	14,78	16,50	17,26	17,56	17,64	17,55	17,36	17,11	16,80	16,45	16,02	15,56	15,10	14,61	0
26/07/2021 05:30:00	14,95	16,46	17,14	17,48	17,57	17,56	17,39	17,17	16,89	16,58	16,19	15,77	15,34	14,81	0
26/07/2021 05:35:00	15,18	16,44	17,09	17,37	17,44	17,45	17,29	17,09	16,82	16,52	16,15	15,74	15,33	15,27	0
26/07/2021 05:40:00	15,39	16,53	17,06	17,32	17,38	17,35	17,21	17,02	16,76	16,48	16,13	15,73	15,34	16,01	0
26/07/2021 05:45:00	15,62	16,56	16,95	17,18	17,25	17,23	17,09	16,91	16,67	16,41	16,09	15,72	15,36	16,66	0
26/07/2021 05:50:00	15,83	16,68	16,98	17,13	17,20	17,14	17,00	16,82	16,58	16,33	16,02	15,67	15,32	17,02	0
26/07/2021 05:55:00	16,13	16,74	16,95	17,11	17,17	17,15	17,05	16,91	16,70	16,48	16,21	15,89	15,58	17,42	0
26/07/2021 06:00:00	16,38	16,79	16,90	17,05	17,11	17,09	16,98	16,84	16,65	16,43	16,17	15,86	15,55	17,46	0
26/07/2021 06:05:00	16,59	16,98	17,04	17,14	17,15	17,11	16,99	16,84	16,63	16,42	16,15	15,85	15,54	18,18	0
26/07/2021 06:10:00	16,80	17,06	17,02	17,12	17,14	17,11	17,00	16,87	16,68	16,49	16,25	15,97	15,69	18,76	0
26/07/2021 06:15:00	16,98	17,35	17,20	17,21	17,21	17,14	16,97	16,79	16,60	16,39	16,16	15,88	15,61	19,48	0
26/07/2021 06:20:00	17,30	17,46	17,27	17,26	17,20	17,08	16,95	16,80	16,60	16,40	16,17	15,89	15,62	19,49	0
26/07/2021 06:25:00	17,46	17,56	17,25	17,25	17,20	17,15	17,00	16,85	16,67	16,49	16,29	16,04	15,79	19,29	0
26/07/2021 06:30:00	17,77	17,72	17,31	17,21	17,15	17,07	16,92	16,76	16,59	16,42	16,24	16,01	15,78	19,77	0
26/07/2021 06:35:00	18,10	17,79	17,28	17,18	17,10	17,00	16,87	16,74	16,58	16,42	16,24	16,03	15,81	19,42	0
26/07/2021 06:40:00	18,16	17,93	17,38	17,26	17,18	17,08	16,93	16,78	16,62	16,46	16,29	16,08	15,86	19,66	0
26/07/2021 06:45:00	18,36	18,01	17,37	17,21	17,09	17,00	16,87	16,74	16,59	16,45	16,32	16,13	15,95	19,95	0
26/07/2021 06:50:00	18,46	18,13	17,47	17,35	17,22	17,14	17,01	16,88	16,74	16,60	16,46	16,27	16,08	20,25	0
26/07/2021 06:55:00	18,64	18,23	17,56	17,37	17,18	17,06	16,90	16,75	16,58	16,43	16,27	16,07	15,87	20,11	0
26/07/2021 07:00:00	18,79	18,31	17,58	17,39	17,24	17,12	16,96	16,81	16,66	16,51	16,36	16,17	15,97	20,17	0
26/07/2021 07:05:00	18,93	18,35	17,66	17,39	17,24	17,10	16,94	16,80	16,64	16,50	16,35	16,16	15,97	20,06	0
26/07/2021 07:10:00	18,96	18,46	17,79	17,58	17,39	17,25	17,08	16,91	16,74	16,58	16,40	16,18	15,96	20,22	0
26/07/2021 07:15:00	19,09	18,59	17,83	17,52	17,30	17,14	16,96	16,79	16,62	16,47	16,32	16,13	15,94	20,28	0
26/07/2021 07:20:00	19,19	18,70	17,86	17,53	17,29	17,09	16,92	16,75	16,59	16,45	16,32	16,15	15,99	21,01	0
26/07/2021 07:25:00	19,32	18,74	17,90	17,65	17,45	17,24	17,04	16,86	16,69	16,53	16,35	16,14	15,93	20,66	0
26/07/2021 07:30:00	19,52	18,75	17,86	17,53	17,35	17,22	17,06	16,91	16,78	16,66	16,55	16,40	16,24	21,37	0
26/07/2021 07:35:00	19,39	18,80	18,05	17,78	17,54	17,34	17,13	16,94	16,75	16,58	16,38	16,15	15,92	20,80	0
26/07/2021 07:40:00	19,65	18,95	18,03	17,72	17,45	17,26	17,07	16,91	16,74	16,60	16,46	16,27	16,09	21,01	0
26/07/2021 07:45:00	19,96	19,29	18,43	18,14	17,90	17,68	17,45	17,25	17,06	16,88	16,69	16,45	16,21	20,89	0
26/07/2021 07:50:00	20,12	19,28	18,41	18,07	17,85	17,68	17,50	17,33	17,17	17,02	16,86	16,67	16,47	20,77	0
26/07/2021 07:55:00	20,12	19,37	18,50	18,15	17,86	17,64	17,43	17,25	17,07	16,90	16,72	16,51	16,29	21,35	0
26/07/2021 08:00:00	20,13	19,29	18,48	18,11	17,85	17,67	17,47	17,30	17,13	16,97	16,80	16,59	16,38	21,31	0
26/07/2021 08:05:00	20,17	19,36	18,44	18,03	17,80	17,60	17,38	17,19	17,02	16,86	16,71	16,51	16,32	21,06	0
26/07/2021 08:10:00	20,18	19,35	18,61	18,27	18,01	17,81	17,62	17,44	17,26	17,08	16,89	16,67	16,44	21,19	0
26/07/2021 08:15:00	20,49	19,52	18,62	18,28	18,01	17,78	17,55	17,36	17,18	17,00	16,81	16,57	16,34	21,37	0
26/07/2021 08:20:00	20,77	19,62	18,69	18,23	17,92	17,71	17,50	17,32	17,15	16,99	16,83	16,63	16,42	21,42	0
26/07/2021 08:25:00	20,88	19,75	18,74	18,30	17,98	17,73	17,51	17,32	17,14	16,98	16,81	16,60	16,39	22,09	0
26/07/2021 08:30:00	20,85	19,81	18,89	18,50	18,17	17,94	17,69	17,48	17,29	17,10	16,88	16,63	16,37	22,08	0
26/07/2021 08:35:00	21,06	19,89	19,02	18,60	18,27	18,01	17,78	17,57	17,38	17,18	16,97	16,71	16,45	21,74	0
26/07/2021 08:40:00	21,25	20,02	19,03	18,62	18,28	18,01	17,78	17,58	17,39	17,20	16,99	16,74	16,49	22,00	0
26/07/2021 08:45:00	21,25	19,97	18,95	18,47	18,14	17,88	17,68	17,51	17,34	17,18	17,02	16,82	16,62	22,16	0
26/07/2021 08:50:00	21,26	20,21	19,16	18,68	18,32	18,04	17,77	17,55	17,36	17,18	16,99	16,76	16,53	21,99	0
26/07/2021 08:55:00	21,15	20,25	19,39	18,95	18,60	18,30	18,01	17,76	17,53	17,30	17,05	16,76	16,46	21,91	0
26/07/2021 09:00:00	21,61	20,48	19,52	19,00	18,54	18,22	17,93	17,68	17,46	17,24	17,01	16,74	16,47	22,40	0
26/07/2021 09:05:00	21,68	20,51	19,47	18,92	18,56	18,26	17,98	17,74	17,54	17,34	17,12	16,87	16,62	22,30	0
26/07/2021 09:10:00	21,91	20,58	19,56	19,08	18,69	18,36	18,06	17,82	17,60	17,38	17,12	16,83	16,53	22,55	0
26/07/2021 09:15:00	21,89	20,76	19,74	19,20	18,72	18,37	18,05	17,78	17,54	17,31	17,05	16,77	16,48	22,69	0
26/07/2021 09:20:00	21,99	20,63	19,66	19,21	18,88	18,58	18,30	18,06	17,85	17,62	17,36	17,05	16,74	23,24	0
26/07/2021 09:25:00	22,58	21,12	19,81	19,14	18,61	18,22	17,90	17,65	17,44	17,25	17,05	16,83	16,60	23,04	0
26/07/2021 09:30:00	22,25	21,09	19,91	19,33	18,88	18,57	18,30	18,07	17,88	17,70	17,52	17,30	17,09	23,13	0
26/07/2021 09:35:00	22,42	21,08	20,02	19,48	19,03	18,64	18,31	18,04	17,81	17,56	17,29	16,98	16,66	23,44	0
26/07/2021 09:40:00	22,51	21,22	20,13	19,61	19,16	18,79	18,48	18,22	18,00	17,77	17,52	17,22	16,93	23,00	0
26/07/2021 09:45:00	22,92	21,26	20,02	19,44	18,99	18,66	18,37	18,14	17,94	17,74	17,52	17,26	16,99	23,34	0
26/07/2021 09:50:00	23,15	21,19	20,01	19,43	19,03	18,75	18,51	18,31	18,14	17,96	17,76	17,51	17,26	23,66	0
26/07/2021 09:55:00	23,05	21,22	20,07	19,55	19,18	18,90	18,63	18,42	18,23	18,03	17,79	17,50	17,21	23,88	0
26/07/2021 10:00:00	23,21	21,44	20,21	19,73	19,35	19,01	18,72	18,49	18,30	18,10	17,85	17,56	17,26	23,97	0
26/07/2021 10:05:00	23,25	21,62	20,37	19,72	19,22	18,87	18,56	18,30	18,09	17,88	17,65	17,38	17,11	23,98	0
26/07/2021 10:10:00	23,15	21,50	20,28	19,73	19,30	18,96	18,66	18,42	18,22	18,02	17,78	17,51	17,24	24,01	0
26/07/2021 10:15:00	23,15	21,64	20,56	20,03	19,61	19,28	18,99	18,75	18,54	18,31	18,04	17,74	17,43	24,26	0
26/07/2021 10:20:00	23,52	21,64	20,39	19,81	19,37	19,05	18,79	18,58	18,40	18,22	18,02	17,77	17,52	24,76	0
26/07/2021 10:25:00	23,45	21,49	20,53	20,00	19,65	19,38	19,09	18,87	18,67	18,44	18,17	17,84	17,51	23,99	0
26/07/2021 10:30:00	23,59	21,75	20,74	20,18	19,75	19,38	19,07	18,82	18,59	18,33	18,01	17,65	17,30	24,55	0
26/07/2021 10:35:00	23,48	21,72	20,79	20,28	19,91	19,58	19,29	19,05	18,83	18,59	18,29	17,94	17,59	23,99	0
26/07/2021 10:40:00	23,12	21,78	21,05	20,55	20,12	19,80	19,52	19,27	19,03	18,76	18,45	18,10	17,75	24,89	0
26/07/2021 10:45:00	22,41	21,67	21,10	20,68	20,30	19,91	19,57	19,26	18,96	18,64	18,24	17,81	17,38	23,63	0
26/07/2021 10:50:00	23,36	21,87	21,07	20,62	20,30	19,99	19,68	19,42	19,18	18,91	18,57	18,18	17,80	24,81	0
26/07/2021 10:55:00	23,82	21,99	20,86	20,24	19,82	19,47	19,14	18,88	18,67	18,44	18,17	17,86	17,55	24,49	0
26/07/2021 11:00:00	23,86	21,89	20,73	20,20	19,88	19,57	19,32	19,12	18,94	18,74	18,50	18,20	17,90	24,24	0
26/07/2021 11:05:00	23,61	21,90	20,94	20,45	20,09	19,77	19,47	19,22	18,99	18,73	18,40	18,02	17,64	24,68	0
26/07/2021 11:10:00	24,00	22,39	21,14	20,42	19,90	19,45	19,09	18,80	18,55	18,30	18,03	17,72	17,41	24,69	0
26/07/2021 11:15:00	24,09	22,18	20,94	20,34	19,98	19,67	19,36	19,12	18,93	18,71	18,45	18,15	17,84	24,62	0
26/07/2021 11:20:00	24,16	22,58	21,34	20,72	20,26	19,80	19,42	19,12	18,88	18,62	18,32	17,98	17,63	25,10	0
26/07/2021 11:25:00	24,15	22,51	21,31	20,73	20,22	19,86	19,52	19,26	19,03	18,78	18,49	18,16	17,83	24,96	0
26/07/2021 11:30:00	23,25	22,05	21,32	20,82	20,42	20,05	19,72	19,44	19,18	18,89	18,55	18,17	17,79	24,23	0
26/07/2021 11:35:00	23,94	22,65	21,37	20,77	20,28	19,87	19,50	19,22	18,98	18,74	18,47	18,16	17,84	24,75	0
26/07/2021 11:40:00	23,91	22,39	21,43	20,89	20,47	20,09	19,75	19,47	19,21	18,93	18,59	18,20	17,81	25,35	0
26/07/2021 11:45:00	23,42	22,39	21,65	21,12	20,69	20,31	19,98	19,70	19,43	19,15	18,81	18,44	18,07	24,53	0
26/07/2021 11:50:00	22,93	22,26	21,76	21,36	20,98	20,57	20,22	19,90	19,60	19,25	18,83	18,37	17,91	24,38	0
26/07/2021 11:55:00	23,21	22,49	22,03	21,62	21,24	20,90	20,56	20,26	19,96	19,63	19,22	18,78	18,33	24,32	0
26/07/2021 12:00:00	23,00	22,57	22,18	21,76	21,40	21,00	20,61	20,26	19,94	19,58	19,14	18,66	18,19	24,29	0
26/07/2021 12:05:00	23,17	22,63	22,16	21,82	21,45	21,01	20,61	20,27	19,94	19,56	19,10	18,59	18,09	24,34	0
26/07/2021 12:10:00	23,42	22,65	22,03	21,59	21,12	20,72	20,37	20,06	19,77	19,45	19,06	18,64	18,22	24,54	0
26/07/2021 12:15:00	23,40	22,55	22,03	21,60	21,22	20,86	20,51	20,21	19,92	19,60	19,21	18,77	18,34	24,34	0
26/07/2021 12:20:00	23,36	22,62	21,99	21,54	21,13	20,74	20,39	20,08	19,79	19,46	19,08	18,65	18,23	24,29	0
26/07/2021 12:25:00	23,29	22,52	21,95	21,51	21,10	20,74	20,40	20,10	19,82	19,50	19,12	18,70	18,29	24,56	0
26/07/2021 12:30:00	23,14	22,61	22,16	21,71	21,24	20,80	20,40	20,05	19,71	19,34	18,89	18,40	17,92	24,40	0
26/07/2021 12:35:00	23,15	22,46	21,94	21,50	21,12	20,77	20,43	20,13	19,84	19,53	19,14	18,73	18,31	24,51	0
26/07/2021 12:40:00	23,15	22,53	22,01	21,62	21,25	20,82	20,44	20,11	19,80	19,45	19,02	18,55	18,08	24,39	0
26/07/2021 12:45:00	23,36	22,51	21,85	21,42	21,07	20,72	20,38	20,09	19,82	19,52	19,16	18,76	18,35	24,23	0
26/07/2021 12:50:00	23,44	22,53	21,90	21,52	21,13	20,76	20,43	20,15	19,87	19,56	19,18	18,76	18,34	24,49	0
26/07/2021 12:55:00	23,69	22,59	21,87	21,43	21,05	20,69	20,35	20,06	19,79	19,49	19,11	18,70	18,28	24,79	0
26/07/2021 13:00:00	24,54	22,91	21,77	21,16	20,66	20,24	19,92	19,66	19,43	19,18	18,90	18,58	18,25	25,19	0
26/07/2021 13:05:00	24,94	22,99	21,62	21,03	20,59	20,21	19,89	19,65	19,46	19,25	19,01	18,71	18,41	24,76	1
26/07/2021 13:10:00	24,01	22,74	21,95	21,50	21,09	20,72	20,38	20,10	19,84	19,54	19,18	18,77	18,37	24,78	0
26/07/2021 13:15:00	23,62	22,76	22,02	21,61	21,21	20,83	20,52	20,24	19,97	19,67	19,32	18,92	18,51	24,41	0
26/07/2021 13:20:00	23,60	22,69	22,00	21,55	21,14	20,76	20,42	20,13	19,86	19,56	19,20	18,80	18,40	25,21	0
26/07/2021 13:25:00	23,78	22,82	22,21	21,77	21,37	20,96	20,56	20,22	19,91	19,55	19,10	18,61	18,12	25,04	0
26/07/2021 13:30:00	23,83	22,89	22,13	21,66	21,28	20,93	20,58	20,28	20,02	19,73	19,39	19,00	18,61	25,14	0
26/07/2021 13:35:00	24,29	22,83	21,91	21,44	21,06	20,76	20,45	20,20	19,96	19,68	19,34	18,95	18,56	24,89	0
26/07/2021 13:40:00	24,52	22,95	21,93	21,32	20,88	20,50	20,20	19,96	19,74	19,50	19,23	18,92	18,61	24,86	0
26/07/2021 13:45:00	24,46	23,03	21,99	21,52	21,02	20,61	20,27	19,98	19,72	19,44	19,09	18,69	18,30	25,11	0
26/07/2021 13:50:00	24,54	22,92	21,91	21,40	20,97	20,66	20,38	20,15	19,93	19,70	19,42	19,09	18,77	25,67	0
26/07/2021 13:55:00	24,81	23,11	21,97	21,43	21,03	20,69	20,42	20,20	20,00	19,78	19,52	19,20	18,88	25,78	0
26/07/2021 14:00:00	25,32	23,35	21,96	21,35	20,93	20,60	20,32	20,11	19,95	19,77	19,57	19,32	19,06	26,98	0
26/07/2021 14:05:00	24,46	23,38	22,44	21,91	21,50	21,11	20,73	20,43	20,17	19,88	19,53	19,14	18,76	25,83	0
26/07/2021 14:10:00	24,67	23,20	22,19	21,66	21,22	20,86	20,55	20,30	20,07	19,82	19,52	19,18	18,84	25,50	0
26/07/2021 14:15:00	24,50	23,26	22,37	21,87	21,42	21,02	20,68	20,40	20,14	19,86	19,52	19,13	18,75	25,57	0
26/07/2021 14:20:00	25,70	23,47	22,08	21,52	21,13	20,82	20,58	20,40	20,25	20,08	19,87	19,61	19,35	26,79	1
26/07/2021 14:25:00	24,86	23,52	22,62	22,09	21,62	21,21	20,85	20,55	20,28	19,98	19,62	19,22	18,82	26,34	0
26/07/2021 14:30:00	25,90	23,84	22,33	21,60	21,09	20,70	20,36	20,12	19,92	19,72	19,50	19,23	18,95	26,28	1
26/07/2021 14:35:00	26,01	23,78	22,32	21,74	21,32	21,04	20,74	20,52	20,35	20,16	19,92	19,63	19,34	26,90	1
26/07/2021 14:40:00	25,58	23,82	22,55	22,01	21,54	21,23	20,90	20,65	20,44	20,20	19,92	19,58	19,24	26,36	0
26/07/2021 14:45:00	24,32	23,45	22,71	22,23	21,87	21,47	21,14	20,85	20,59	20,29	19,94	19,54	19,15	25,56	0
26/07/2021 14:50:00	24,49	23,46	22,69	22,24	21,89	21,55	21,22	20,95	20,70	20,41	20,07	19,67	19,28	25,70	0
26/07/2021 14:55:00	24,39	23,55	22,86	22,43	22,03	21,67	21,32	21,02	20,74	20,42	20,04	19,61	19,18	25,73	0
26/07/2021 15:00:00	24,85	23,72	22,78	22,29	21,88	21,51	21,18	20,91	20,67	20,41	20,10	19,74	19,39	25,75	0
26/07/2021 15:05:00	24,50	23,46	22,73	22,27	21,92	21,59	21,27	21,00	20,76	20,48	20,15	19,77	19,39	26,07	0
26/07/2021 15:10:00	25,50	23,80	22,54	21,99	21,55	21,21	20,93	20,71	20,52	20,33	20,10	19,82	19,54	26,43	0
26/07/2021 15:15:00	24,60	23,59	22,83	22,33	21,91	21,54	21,17	20,86	20,59	20,28	19,91	19,49	19,07	25,90	0
26/07/2021 15:20:00	24,63	23,69	22,88	22,43	22,02	21,66	21,30	21,00	20,74	20,45	20,10	19,70	19,31	25,86	0
26/07/2021 15:25:00	25,54	24,00	22,71	22,12	21,68	21,29	20,97	20,72	20,52	20,30	20,05	19,76	19,46	26,76	0
26/07/2021 15:30:00	25,59	23,68	22,60	22,09	21,66	21,32	21,01	20,77	20,56	20,30	19,98	19,60	19,23	26,26	0
26/07/2021 15:35:00	24,83	23,74	22,86	22,37	21,94	21,57	21,25	20,99	20,74	20,46	20,13	19,76	19,38	26,04	0
26/07/2021 15:40:00	24,74	23,65	22,87	22,36	21,99	21,65	21,31	21,03	20,78	20,49	20,15	19,76	19,37	25,94	0
26/07/2021 15:45:00	24,60	23,79	23,10	22,62	22,20	21,80	21,41	21,08	20,78	20,45	20,04	19,59	19,13	25,78	0
26/07/2021 15:50:00	24,81	23,59	22,88	22,49	22,18	21,87	21,54	21,28	21,03	20,74	20,36	19,94	19,51	25,96	0
26/07/2021 15:55:00	24,62	23,76	23,01	22,53	22,09	21,76	21,39	21,08	20,81	20,51	20,15	19,74	19,34	26,14	0
26/07/2021 16:00:00	25,40	23,87	22,76	22,20	21,79	21,51	21,22	21,00	20,80	20,60	20,35	20,05	19,76	26,26	0
26/07/2021 16:05:00	24,66	23,75	23,06	22,54	22,12	21,75	21,38	21,07	20,79	20,48	20,10	19,68	19,26	26,63	0
26/07/2021 16:10:00	24,47	23,67	23,02	22,57	22,19	21,84	21,48	21,17	20,89	20,58	20,20	19,77	19,35	25,81	0
26/07/2021 16:15:00	24,55	23,77	23,16	22,70	22,28	21,96	21,63	21,34	21,07	20,77	20,41	20,00	19,60	26,14	0
26/07/2021 16:20:00	24,56	23,77	23,10	22,63	22,28	21,89	21,55	21,25	20,97	20,65	20,26	19,83	19,40	26,52	0
26/07/2021 16:25:00	24,62	23,71	23,02	22,56	22,18	21,82	21,46	21,16	20,88	20,57	20,18	19,75	19,32	25,94	0
26/07/2021 16:30:00	24,57	23,67	22,99	22,51	22,10	21,73	21,43	21,15	20,88	20,58	20,22	19,81	19,41	25,83	0
26/07/2021 16:35:00	24,93	23,94	22,93	22,42	21,94	21,52	21,18	20,88	20,62	20,33	19,99	19,61	19,23	26,46	0
26/07/2021 16:40:00	24,93	23,96	22,97	22,44	22,01	21,60	21,21	20,89	20,63	20,35	20,01	19,63	19,24	25,79	0
26/07/2021 16:45:00	24,94	24,13	23,21	22,70	22,16	21,72	21,36	21,04	20,76	20,47	20,13	19,75	19,37	26,81	0
26/07/2021 16:50:00	25,21	23,95	23,02	22,40	21,97	21,60	21,23	20,93	20,67	20,38	20,04	19,65	19,27	26,84	0
26/07/2021 16:55:00	24,26	23,75	23,22	22,76	22,36	21,98	21,60	21,27	20,96	20,61	20,19	19,74	19,28	25,67	0
26/07/2021 17:00:00	24,86	23,74	22,99	22,56	22,17	21,85	21,55	21,28	21,03	20,74	20,37	19,96	19,54	25,80	0
26/07/2021 17:05:00	24,72	23,86	23,08	22,61	22,11	21,71	21,33	21,01	20,71	20,39	19,99	19,56	19,13	25,83	0
26/07/2021 17:10:00	24,55	23,82	23,09	22,59	22,21	21,86	21,51	21,21	20,94	20,64	20,28	19,88	19,49	26,21	0
26/07/2021 17:15:00	24,40	23,79	23,09	22,63	22,16	21,76	21,40	21,08	20,78	20,46	20,08	19,66	19,23	26,35	0
26/07/2021 17:20:00	24,56	23,87	23,10	22,67	22,23	21,83	21,46	21,15	20,86	20,56	20,19	19,78	19,37	26,24	0
26/07/2021 17:25:00	24,80	23,83	23,08	22,62	22,21	21,87	21,55	21,28	21,03	20,75	20,42	20,04	19,67	26,56	0
26/07/2021 17:30:00	24,73	23,87	23,14	22,65	22,26	21,86	21,49	21,18	20,89	20,58	20,19	19,77	19,34	27,23	0
26/07/2021 17:35:00	24,13	23,78	23,30	22,86	22,50	22,12	21,74	21,40	21,10	20,76	20,36	19,91	19,46	26,41	0
26/07/2021 17:40:00	24,35	23,76	23,29	22,90	22,53	22,15	21,80	21,48	21,18	20,84	20,42	19,95	19,48	25,84	0
26/07/2021 17:45:00	24,37	23,79	23,14	22,71	22,27	21,94	21,61	21,31	21,03	20,72	20,36	19,95	19,55	26,42	0
26/07/2021 17:50:00	23,94	23,68	23,36	23,03	22,64	22,24	21,88	21,54	21,21	20,84	20,37	19,87	19,36	25,98	0
26/07/2021 17:55:00	24,41	24,00	23,37	22,95	22,54	22,13	21,76	21,44	21,14	20,81	20,42	19,98	19,54	26,13	0
26/07/2021 18:00:00	24,75	24,05	23,23	22,80	22,41	22,02	21,68	21,39	21,12	20,82	20,46	20,06	19,65	26,84	0
26/07/2021 18:05:00	24,28	23,81	23,35	22,99	22,58	22,16	21,80	21,47	21,15	20,79	20,35	19,86	19,37	26,54	0
26/07/2021 18:10:00	24,15	23,85	23,45	23,01	22,62	22,23	21,86	21,54	21,23	20,89	20,48	20,04	19,60	26,33	0
26/07/2021 18:15:00	24,54	23,93	23,28	22,85	22,43	22,03	21,70	21,41	21,13	20,82	20,44	20,03	19,62	26,51	0
26/07/2021 18:20:00	24,15	23,83	23,42	23,05	22,69	22,33	21,93	21,58	21,27	20,91	20,46	19,97	19,48	26,38	0
26/07/2021 18:25:00	24,20	23,90	23,45	23,07	22,68	22,25	21,81	21,44	21,10	20,71	20,22	19,70	19,17	26,18	0
26/07/2021 18:30:00	23,86	23,70	23,31	22,92	22,58	22,16	21,77	21,43	21,10	20,73	20,28	19,79	19,30	25,79	0
26/07/2021 18:35:00	23,76	23,59	23,24	22,90	22,51	22,14	21,76	21,41	21,08	20,71	20,26	19,76	19,27	25,57	0
26/07/2021 18:40:00	23,68	23,47	23,12	22,76	22,42	22,06	21,69	21,36	21,04	20,69	20,25	19,77	19,29	25,53	0
26/07/2021 18:45:00	23,51	23,38	23,11	22,76	22,37	21,99	21,65	21,34	21,02	20,66	20,23	19,77	19,30	25,33	0
26/07/2021 18:50:00	23,38	23,44	23,14	22,79	22,43	22,06	21,70	21,36	21,04	20,69	20,26	19,79	19,33	25,09	0
26/07/2021 18:55:00	23,41	23,30	23,04	22,74	22,43	22,09	21,74	21,42	21,11	20,75	20,31	19,83	19,35	25,31	0
26/07/2021 19:00:00	23,81	23,69	23,41	23,10	22,77	22,40	22,05	21,73	21,41	21,05	20,61	20,12	19,64	25,44	0
26/07/2021 19:05:00	23,66	23,71	23,44	23,14	22,80	22,43	22,03	21,68	21,34	20,96	20,49	19,97	19,46	25,36	0
26/07/2021 19:10:00	23,89	23,97	23,79	23,45	23,12	22,75	22,39	22,04	21,70	21,32	20,84	20,33	19,81	25,48	0
26/07/2021 19:15:00	23,82	23,89	23,80	23,51	23,14	22,79	22,42	22,07	21,73	21,33	20,84	20,31	19,79	25,31	0
26/07/2021 19:20:00	23,69	23,90	23,81	23,47	23,07	22,65	22,23	21,84	21,47	21,05	20,54	19,99	19,44	25,18	0
26/07/2021 19:25:00	23,50	23,71	23,55	23,26	22,94	22,62	22,25	21,91	21,57	21,20	20,74	20,24	19,74	25,00	0
26/07/2021 19:30:00	23,69	23,94	23,88	23,64	23,34	22,99	22,63	22,30	21,96	21,57	21,09	20,56	20,04	25,02	0
26/07/2021 19:35:00	23,80	24,11	24,08	23,87	23,62	23,29	22,94	22,61	22,28	21,91	21,43	20,92	20,40	25,03	0
26/07/2021 19:40:00	23,67	24,11	24,08	23,88	23,56	23,22	22,88	22,54	22,21	21,82	21,34	20,82	20,30	24,86	0
26/07/2021 19:45:00	23,63	23,98	24,02	23,84	23,60	23,30	22,99	22,68	22,36	21,98	21,50	20,97	20,45	24,63	0
26/07/2021 19:50:00	23,85	24,27	24,39	24,20	23,95	23,65	23,32	22,99	22,66	22,26	21,77	21,23	20,69	24,45	0
26/07/2021 19:55:00	23,72	24,25	24,39	24,21	23,98	23,70	23,35	23,02	22,68	22,28	21,78	21,23	20,69	24,26	0
26/07/2021 20:00:00	23,95	24,52	24,66	24,49	24,25	23,96	23,60	23,26	22,92	22,52	22,01	21,47	20,92	24,16	0
26/07/2021 20:05:00	24,05	24,66	24,79	24,64	24,39	24,09	23,76	23,44	23,10	22,70	22,20	21,66	21,12	24,07	0
26/07/2021 20:10:00	24,06	24,56	24,77	24,63	24,44	24,15	23,81	23,48	23,14	22,73	22,20	21,62	21,05	23,86	0
26/07/2021 20:15:00	23,80	24,52	24,68	24,53	24,29	24,00	23,64	23,29	22,94	22,54	22,03	21,48	20,93	23,83	0
26/07/2021 20:20:00	23,63	24,44	24,69	24,55	24,31	24,00	23,64	23,28	22,92	22,49	21,96	21,38	20,80	23,68	0
26/07/2021 20:25:00	23,46	24,40	24,72	24,64	24,38	24,03	23,68	23,33	22,96	22,52	21,97	21,38	20,78	23,47	0
26/07/2021 20:30:00	23,26	24,24	24,59	24,46	24,22	23,87	23,51	23,16	22,78	22,34	21,79	21,21	20,62	23,27	0
26/07/2021 20:35:00	23,09	24,13	24,55	24,49	24,27	23,97	23,61	23,24	22,87	22,42	21,85	21,24	20,63	23,21	0
26/07/2021 20:40:00	22,92	24,05	24,54	24,47	24,31	24,02	23,66	23,29	22,91	22,47	21,89	21,28	20,67	22,88	0
26/07/2021 20:45:00	22,76	23,94	24,42	24,35	24,19	23,94	23,60	23,25	22,89	22,46	21,92	21,34	20,77	22,51	0
26/07/2021 20:50:00	22,55	23,88	24,48	24,51	24,30	23,98	23,65	23,29	22,90	22,44	21,84	21,21	20,58	22,24	0
26/07/2021 20:55:00	22,14	23,48	24,11	24,11	23,92	23,67	23,33	22,97	22,58	22,13	21,55	20,93	20,32	22,10	0
26/07/2021 21:00:00	21,95	23,41	24,06	24,05	23,83	23,56	23,20	22,83	22,44	21,98	21,40	20,79	20,17	21,71	0
26/07/2021 21:05:00	21,99	23,46	24,04	23,98	23,74	23,39	23,02	22,63	22,22	21,75	21,16	20,53	19,91	21,44	0
26/07/2021 21:10:00	21,83	23,31	23,92	23,88	23,71	23,47	23,12	22,76	22,38	21,93	21,38	20,79	20,20	21,12	0
26/07/2021 21:15:00	21,40	22,93	23,56	23,54	23,39	23,11	22,77	22,41	22,02	21,57	21,02	20,43	19,84	20,97	0
26/07/2021 21:20:00	21,12	22,73	23,32	23,32	23,15	22,82	22,44	22,06	21,65	21,19	20,60	19,99	19,37	20,87	0
26/07/2021 21:25:00	21,05	22,63	23,31	23,34	23,16	22,86	22,50	22,12	21,71	21,23	20,63	20,00	19,37	20,56	0
26/07/2021 21:30:00	20,95	22,57	23,27	23,30	23,13	22,83	22,47	22,09	21,68	21,21	20,61	19,98	19,36	20,77	0
26/07/2021 21:35:00	20,69	22,39	23,13	23,18	23,03	22,75	22,39	22,00	21,59	21,12	20,52	19,89	19,26	20,71	0
26/07/2021 21:40:00	20,52	22,40	23,18	23,24	23,07	22,74	22,35	21,95	21,52	21,02	20,40	19,75	19,10	20,22	0
26/07/2021 21:45:00	20,44	22,24	23,04	23,07	22,93	22,66	22,27	21,87	21,45	20,96	20,35	19,70	19,06	20,29	0
26/07/2021 21:50:00	20,33	22,25	23,03	23,06	22,87	22,55	22,16	21,76	21,33	20,83	20,22	19,59	18,95	20,13	0
26/07/2021 21:55:00	20,28	22,18	22,87	22,90	22,74	22,46	22,10	21,71	21,30	20,84	20,27	19,68	19,08	19,86	0
26/07/2021 22:00:00	19,99	21,93	22,66	22,65	22,45	22,13	21,76	21,37	20,94	20,47	19,90	19,30	18,70	19,71	0
26/07/2021 22:05:00	19,95	21,77	22,46	22,51	22,39	22,12	21,76	21,38	20,97	20,51	19,94	19,34	18,73	19,40	0
26/07/2021 22:10:00	19,92	21,71	22,45	22,54	22,40	22,13	21,79	21,43	21,03	20,57	19,99	19,39	18,78	19,44	0
26/07/2021 22:15:00	19,97	21,67	22,32	22,38	22,26	22,02	21,68	21,33	20,95	20,51	19,96	19,38	18,80	19,27	0
26/07/2021 22:20:00	19,97	21,62	22,27	22,35	22,23	21,97	21,65	21,30	20,91	20,48	19,93	19,34	18,76	19,33	0
26/07/2021 22:25:00	19,91	21,56	22,25	22,30	22,17	21,92	21,58	21,22	20,84	20,39	19,84	19,26	18,67	19,78	0
26/07/2021 22:30:00	19,70	21,28	22,00	22,12	21,97	21,69	21,37	21,02	20,62	20,16	19,58	18,96	18,35	19,70	0
26/07/2021 22:35:00	19,66	21,19	21,85	21,96	21,83	21,55	21,26	20,94	20,56	20,13	19,59	19,01	18,44	19,62	0
26/07/2021 22:40:00	19,52	21,13	21,79	21,81	21,69	21,45	21,12	20,77	20,39	19,96	19,43	18,87	18,31	19,54	0
26/07/2021 22:45:00	19,47	21,12	21,85	21,94	21,80	21,51	21,17	20,81	20,41	19,94	19,36	18,75	18,13	19,46	0
26/07/2021 22:50:00	19,43	21,12	21,80	21,84	21,71	21,49	21,17	20,82	20,44	20,01	19,48	18,92	18,36	19,26	0
26/07/2021 22:55:00	19,30	21,04	21,80	21,87	21,77	21,54	21,20	20,84	20,45	20,00	19,44	18,86	18,27	19,00	0
26/07/2021 23:00:00	18,81	20,58	21,55	21,73	21,62	21,36	21,01	20,63	20,21	19,70	19,07	18,40	17,73	18,94	0
26/07/2021 23:05:00	18,88	20,73	21,64	21,78	21,70	21,45	21,11	20,73	20,32	19,84	19,23	18,60	17,96	18,95	0
26/07/2021 23:10:00	19,07	20,88	21,85	21,95	21,82	21,59	21,26	20,89	20,47	19,99	19,38	18,75	18,11	19,04	0
26/07/2021 23:15:00	18,99	20,90	21,81	21,96	21,89	21,63	21,29	20,91	20,50	20,02	19,41	18,77	18,13	18,94	0
26/07/2021 23:20:00	19,00	20,92	21,94	22,05	21,97	21,76	21,40	21,02	20,60	20,11	19,49	18,84	18,19	19,04	0
26/07/2021 23:25:00	19,03	20,91	21,93	22,06	22,00	21,78	21,44	21,06	20,65	20,16	19,53	18,88	18,23	19,19	0
26/07/2021 23:30:00	19,14	21,07	22,14	22,33	22,25	22,04	21,72	21,36	20,94	20,45	19,81	19,15	18,49	19,13	0
26/07/2021 23:35:00	19,05	21,00	22,11	22,29	22,26	22,08	21,76	21,41	21,00	20,52	19,90	19,25	18,60	18,94	0
26/07/2021 23:40:00	18,95	20,88	22,10	22,33	22,31	22,12	21,80	21,43	21,01	20,50	19,84	19,15	18,46	18,77	0
26/07/2021 23:45:00	18,87	20,92	22,12	22,35	22,31	22,10	21,79	21,42	21,00	20,49	19,84	19,16	18,48	18,62	0
26/07/2021 23:50:00	18,74	20,85	22,10	22,32	22,31	22,12	21,78	21,41	20,98	20,47	19,82	19,13	18,44	18,41	0
26/07/2021 23:55:00	18,44	20,53	21,79	22,03	22,02	21,79	21,46	21,08	20,64	20,12	19,45	18,75	18,04	18,26	0
