FileFormat:0002.2 file with temperature of atmosphere
200
local	GMT or Local
0	GMT-Local=[hours]
0	Height[m]
0	0	0	Longitude                [grd]               [min]               [sec]
0	0	0	Latitude                [grd]               [min]               [sec]
N	NS
59,40	Freq[GHz]
0,00	dTemostat[K]
0,150	MessErr[K]
0,248	//[grad/step]
version 14.0.20110218
MTP5H033F5940K-33.00D180214+A1.1
Commentary:
enter comment
End Of Commentary

SYSTEM\summer.dat
data time	0	50	100	150	200	250	300	350	400	450	500	550	600	OutsideTemperature	Quality
12/07/2021 00:00:00	22,28	23,73	24,28	24,29	24,17	23,99	23,73	23,43	23,10	22,72	22,24	21,72	21,21	22,46	0
12/07/2021 00:05:00	22,47	24,06	24,57	24,61	24,45	24,19	23,91	23,59	23,23	22,82	22,31	21,76	21,21	22,44	0
12/07/2021 00:10:00	22,42	23,98	24,43	24,50	24,44	24,22	23,92	23,61	23,27	22,88	22,37	21,83	21,29	22,41	0
12/07/2021 00:15:00	22,36	23,80	24,28	24,34	24,29	24,10	23,82	23,52	23,19	22,81	22,32	21,79	21,26	22,19	0
12/07/2021 00:20:00	22,19	23,51	24,14	24,22	24,09	23,89	23,65	23,36	23,02	22,63	22,12	21,58	21,03	22,06	0
12/07/2021 00:25:00	22,09	23,59	24,10	24,10	24,02	23,87	23,58	23,28	22,95	22,57	22,09	21,57	21,05	22,03	0
12/07/2021 00:30:00	22,15	23,47	23,94	23,89	23,76	23,58	23,29	22,98	22,65	22,27	21,80	21,29	20,79	22,19	0
12/07/2021 00:35:00	22,64	23,60	23,72	23,60	23,41	23,19	22,92	22,64	22,34	22,01	21,60	21,15	20,71	22,61	0
12/07/2021 00:40:00	22,64	23,36	23,46	23,40	23,27	23,13	22,92	22,70	22,43	22,13	21,75	21,33	20,91	22,67	0
12/07/2021 00:45:00	22,71	23,44	23,50	23,35	23,13	22,93	22,71	22,46	22,18	21,88	21,51	21,10	20,69	23,07	0
12/07/2021 00:50:00	23,01	23,63	23,60	23,48	23,36	23,21	23,01	22,79	22,54	22,28	21,94	21,57	21,19	23,20	0
12/07/2021 00:55:00	23,14	23,56	23,53	23,46	23,32	23,14	22,95	22,74	22,49	22,21	21,86	21,46	21,06	23,46	0
12/07/2021 01:00:00	23,40	23,72	23,80	23,78	23,73	23,61	23,45	23,27	23,05	22,78	22,44	22,05	21,66	23,39	0
12/07/2021 01:05:00	23,40	23,81	23,93	23,97	23,92	23,80	23,64	23,45	23,22	22,94	22,57	22,14	21,72	23,38	0
12/07/2021 01:10:00	23,36	23,80	23,99	24,03	23,96	23,91	23,78	23,62	23,39	23,13	22,78	22,38	21,98	23,27	0
12/07/2021 01:15:00	23,25	23,81	23,98	23,99	23,93	23,83	23,67	23,47	23,24	22,96	22,60	22,19	21,78	22,99	0
12/07/2021 01:20:00	23,05	23,52	23,71	23,81	23,87	23,81	23,67	23,50	23,28	23,00	22,63	22,19	21,76	23,00	0
12/07/2021 01:25:00	22,62	23,31	23,75	23,88	23,90	23,87	23,75	23,59	23,34	23,04	22,64	22,18	21,73	22,64	0
12/07/2021 01:30:00	22,42	23,23	23,77	23,93	23,95	23,92	23,76	23,57	23,31	22,98	22,54	22,05	21,56	22,23	0
12/07/2021 01:35:00	22,38	23,11	23,66	23,84	23,96	23,93	23,78	23,59	23,35	23,03	22,60	22,11	21,62	22,02	0
12/07/2021 01:40:00	22,02	22,76	23,33	23,53	23,64	23,62	23,48	23,29	23,05	22,73	22,29	21,80	21,30	21,88	0
12/07/2021 01:45:00	21,94	22,80	23,37	23,45	23,43	23,39	23,26	23,07	22,81	22,50	22,09	21,64	21,19	21,56	0
12/07/2021 01:50:00	21,61	22,68	23,26	23,46	23,53	23,51	23,35	23,15	22,89	22,56	22,13	21,64	21,16	21,34	0
12/07/2021 01:55:00	21,27	22,10	22,79	23,01	23,08	23,07	22,94	22,76	22,50	22,17	21,72	21,22	20,72	21,27	0
12/07/2021 02:00:00	21,12	22,05	22,77	22,98	23,06	23,06	22,89	22,68	22,40	22,06	21,59	21,07	20,55	20,84	0
12/07/2021 02:05:00	20,69	21,84	22,66	22,86	22,86	22,75	22,58	22,35	22,03	21,65	21,15	20,60	20,05	20,69	0
12/07/2021 02:10:00	20,88	21,75	22,37	22,60	22,61	22,58	22,46	22,28	22,02	21,69	21,26	20,77	20,29	20,80	0
12/07/2021 02:15:00	20,84	21,72	22,38	22,60	22,68	22,60	22,43	22,22	21,95	21,60	21,14	20,62	20,10	20,56	0
12/07/2021 02:20:00	20,59	21,44	21,98	22,22	22,28	22,27	22,13	21,95	21,70	21,39	20,98	20,51	20,04	20,66	0
12/07/2021 02:25:00	20,52	21,43	21,93	22,12	22,18	22,17	22,03	21,84	21,59	21,29	20,89	20,44	19,99	20,75	0
12/07/2021 02:30:00	20,45	21,44	21,86	22,04	22,17	22,15	22,00	21,82	21,59	21,31	20,94	20,51	20,09	20,58	0
12/07/2021 02:35:00	20,36	21,44	21,97	22,10	22,10	22,11	21,97	21,77	21,52	21,23	20,85	20,43	20,02	20,68	0
12/07/2021 02:40:00	20,88	21,45	21,85	21,98	22,04	22,00	21,84	21,66	21,42	21,13	20,74	20,30	19,86	21,64	0
12/07/2021 02:45:00	20,92	21,47	21,75	21,84	21,90	21,88	21,75	21,58	21,36	21,10	20,76	20,37	19,97	21,91	0
12/07/2021 02:50:00	21,01	21,47	21,66	21,72	21,73	21,71	21,59	21,43	21,22	20,97	20,65	20,28	19,91	21,98	0
12/07/2021 02:55:00	21,22	21,73	22,03	22,19	22,21	22,19	22,07	21,90	21,68	21,41	21,04	20,62	20,20	22,04	0
12/07/2021 03:00:00	21,33	21,72	21,93	22,06	22,13	22,12	22,01	21,87	21,66	21,42	21,08	20,69	20,30	21,89	0
12/07/2021 03:05:00	21,21	21,73	21,95	22,11	22,10	22,06	21,96	21,80	21,59	21,32	20,97	20,57	20,17	21,83	0
12/07/2021 03:10:00	21,36	22,02	22,20	22,24	22,26	22,30	22,18	22,02	21,82	21,59	21,29	20,95	20,61	21,77	0
12/07/2021 03:15:00	21,15	21,83	22,19	22,34	22,39	22,39	22,29	22,14	21,92	21,67	21,33	20,93	20,54	21,47	0
12/07/2021 03:20:00	20,87	21,72	22,19	22,33	22,37	22,40	22,31	22,16	21,93	21,67	21,33	20,94	20,55	21,11	0
12/07/2021 03:25:00	20,67	21,57	22,22	22,48	22,56	22,53	22,41	22,23	21,98	21,66	21,22	20,74	20,26	20,83	0
12/07/2021 03:30:00	20,54	21,51	21,99	22,21	22,34	22,39	22,29	22,15	21,93	21,67	21,32	20,92	20,52	20,52	0
12/07/2021 03:35:00	20,33	21,38	21,92	22,13	22,23	22,24	22,16	22,01	21,78	21,51	21,16	20,76	20,35	20,33	0
12/07/2021 03:40:00	20,11	21,22	21,98	22,30	22,48	22,55	22,43	22,26	22,02	21,71	21,28	20,79	20,31	20,14	0
12/07/2021 03:45:00	20,06	21,22	22,08	22,38	22,52	22,56	22,46	22,29	22,03	21,71	21,27	20,78	20,29	19,96	0
12/07/2021 03:50:00	19,92	20,99	21,86	22,23	22,39	22,47	22,41	22,27	22,04	21,73	21,31	20,83	20,36	19,93	0
12/07/2021 03:55:00	19,96	21,00	21,92	22,31	22,49	22,55	22,48	22,34	22,10	21,78	21,33	20,83	20,33	19,87	0
12/07/2021 04:00:00	19,84	20,81	21,68	22,00	22,16	22,24	22,20	22,08	21,85	21,56	21,15	20,70	20,25	19,79	0
12/07/2021 04:05:00	19,72	20,71	21,58	21,86	22,06	22,21	22,13	21,98	21,75	21,46	21,06	20,61	20,16	19,68	0
12/07/2021 04:10:00	19,74	20,76	21,54	21,93	22,12	22,22	22,17	22,05	21,82	21,54	21,14	20,69	20,23	19,72	0
12/07/2021 04:15:00	19,74	20,96	21,65	21,90	22,03	22,12	22,03	21,87	21,64	21,37	21,01	20,60	20,18	19,76	0
12/07/2021 04:20:00	19,69	20,88	21,62	21,94	22,08	22,11	22,05	21,91	21,67	21,38	20,99	20,55	20,11	19,61	0
12/07/2021 04:25:00	19,84	20,75	21,37	21,67	21,85	21,92	21,87	21,76	21,55	21,29	20,94	20,54	20,13	19,81	0
12/07/2021 04:30:00	19,81	20,72	21,34	21,67	21,92	22,04	22,00	21,90	21,71	21,46	21,12	20,72	20,32	19,53	0
12/07/2021 04:35:00	19,72	20,78	21,38	21,63	21,84	21,98	21,90	21,77	21,57	21,33	21,00	20,62	20,23	19,57	0
12/07/2021 04:40:00	19,60	20,65	21,33	21,68	21,82	21,92	21,90	21,79	21,58	21,33	20,98	20,58	20,18	19,58	0
12/07/2021 04:45:00	19,65	20,57	21,20	21,46	21,66	21,73	21,63	21,48	21,26	20,99	20,62	20,20	19,77	19,49	0
12/07/2021 04:50:00	19,72	20,66	21,18	21,41	21,49	21,55	21,49	21,36	21,15	20,90	20,57	20,19	19,81	19,66	0
12/07/2021 04:55:00	19,72	20,63	21,10	21,37	21,47	21,50	21,46	21,34	21,13	20,89	20,57	20,19	19,82	19,94	0
12/07/2021 05:00:00	19,83	20,76	21,10	21,31	21,44	21,50	21,43	21,31	21,12	20,90	20,61	20,27	19,94	19,91	0
12/07/2021 05:05:00	20,30	20,87	21,02	21,15	21,25	21,28	21,26	21,19	21,03	20,86	20,63	20,36	20,09	20,31	0
12/07/2021 05:10:00	20,33	20,85	20,92	21,10	21,22	21,26	21,21	21,12	20,96	20,78	20,54	20,25	19,95	20,37	0
12/07/2021 05:15:00	20,51	20,74	20,72	20,85	20,94	21,05	21,06	21,02	20,90	20,77	20,60	20,37	20,14	20,62	0
12/07/2021 05:20:00	20,63	20,91	20,87	20,94	20,98	21,06	21,05	20,98	20,85	20,71	20,53	20,31	20,08	20,86	0
12/07/2021 05:25:00	20,90	20,94	20,75	20,80	20,86	20,97	20,98	20,94	20,84	20,73	20,60	20,41	20,22	21,49	0
12/07/2021 05:30:00	21,23	20,94	20,66	20,69	20,78	20,88	20,89	20,87	20,78	20,68	20,54	20,34	20,15	21,61	0
12/07/2021 05:35:00	21,47	21,03	20,63	20,58	20,59	20,70	20,76	20,77	20,71	20,65	20,59	20,47	20,35	21,78	0
12/07/2021 05:40:00	21,47	21,16	20,93	20,98	20,99	21,00	20,98	20,92	20,79	20,65	20,45	20,20	19,95	22,14	0
12/07/2021 05:45:00	21,58	21,19	20,87	20,87	20,92	21,00	20,97	20,91	20,80	20,68	20,52	20,29	20,07	22,58	0
12/07/2021 05:50:00	21,68	21,30	20,88	20,90	20,93	21,02	21,01	20,98	20,89	20,80	20,67	20,48	20,30	22,23	0
12/07/2021 05:55:00	21,81	21,33	20,89	20,79	20,78	20,85	20,84	20,81	20,72	20,64	20,53	20,38	20,22	22,63	0
12/07/2021 06:00:00	21,79	21,36	20,91	20,83	20,83	20,87	20,89	20,86	20,77	20,68	20,57	20,41	20,25	22,21	0
12/07/2021 06:05:00	21,82	21,34	20,89	20,78	20,82	20,86	20,84	20,79	20,70	20,61	20,49	20,32	20,16	22,22	0
12/07/2021 06:10:00	22,07	21,47	20,94	20,84	20,81	20,88	20,85	20,80	20,71	20,62	20,50	20,32	20,14	22,71	0
12/07/2021 06:15:00	22,12	21,52	21,02	20,92	20,89	20,92	20,90	20,85	20,75	20,66	20,54	20,37	20,19	22,91	0
12/07/2021 06:20:00	22,30	21,59	20,96	20,84	20,81	20,88	20,90	20,88	20,81	20,75	20,67	20,53	20,40	23,15	0
12/07/2021 06:25:00	22,26	21,70	21,14	21,00	20,94	20,95	20,94	20,89	20,79	20,70	20,59	20,42	20,26	22,77	0
12/07/2021 06:30:00	22,29	21,66	21,18	21,07	21,04	21,04	21,03	20,99	20,88	20,78	20,64	20,45	20,27	23,02	0
12/07/2021 06:35:00	22,45	21,74	21,13	21,01	20,97	21,03	21,01	20,96	20,88	20,80	20,69	20,53	20,37	23,45	0
12/07/2021 06:40:00	22,63	21,86	21,25	21,15	21,16	21,18	21,12	21,06	20,97	20,87	20,73	20,53	20,34	23,60	0
12/07/2021 06:45:00	22,80	21,98	21,29	21,13	21,07	21,07	21,00	20,92	20,83	20,73	20,59	20,41	20,22	23,96	0
12/07/2021 06:50:00	22,61	22,05	21,39	21,24	21,18	21,18	21,11	21,04	20,93	20,83	20,70	20,51	20,33	23,81	0
12/07/2021 06:55:00	22,86	22,09	21,43	21,24	21,07	21,04	20,97	20,88	20,76	20,64	20,50	20,30	20,11	23,66	0
12/07/2021 07:00:00	22,96	22,06	21,36	21,23	21,13	21,10	21,08	21,03	20,94	20,84	20,72	20,54	20,35	23,86	0
12/07/2021 07:05:00	22,83	22,06	21,44	21,28	21,18	21,19	21,16	21,11	21,01	20,92	20,80	20,63	20,45	24,66	0
12/07/2021 07:10:00	23,03	22,00	21,34	21,16	21,13	21,15	21,11	21,07	21,00	20,93	20,84	20,69	20,54	23,48	0
12/07/2021 07:15:00	22,83	22,23	21,59	21,39	21,27	21,22	21,14	21,05	20,93	20,81	20,67	20,48	20,29	23,06	0
12/07/2021 07:20:00	22,92	22,24	21,51	21,34	21,24	21,22	21,16	21,09	20,99	20,89	20,78	20,60	20,43	23,30	0
12/07/2021 07:25:00	23,04	22,29	21,52	21,32	21,25	21,19	21,12	21,06	20,96	20,87	20,77	20,61	20,45	23,43	0
12/07/2021 07:30:00	23,03	22,24	21,56	21,40	21,31	21,26	21,23	21,17	21,07	20,98	20,85	20,67	20,50	24,24	0
12/07/2021 07:35:00	23,18	22,28	21,53	21,38	21,25	21,25	21,18	21,11	21,02	20,92	20,79	20,60	20,41	24,44	0
12/07/2021 07:40:00	23,28	22,33	21,60	21,44	21,35	21,31	21,25	21,19	21,09	20,98	20,84	20,65	20,45	24,47	0
12/07/2021 07:45:00	23,32	22,51	21,83	21,58	21,42	21,42	21,35	21,27	21,16	21,06	20,93	20,75	20,57	24,59	0
12/07/2021 07:50:00	23,57	22,60	21,78	21,51	21,33	21,25	21,16	21,07	20,96	20,86	20,73	20,56	20,38	24,21	0
12/07/2021 07:55:00	23,55	22,65	21,83	21,56	21,39	21,29	21,23	21,16	21,05	20,96	20,85	20,69	20,53	23,96	0
12/07/2021 08:00:00	23,66	22,89	22,07	21,80	21,55	21,44	21,31	21,18	21,05	20,92	20,77	20,57	20,37	24,43	0
12/07/2021 08:05:00	23,78	22,93	22,05	21,73	21,53	21,47	21,38	21,29	21,19	21,10	21,00	20,85	20,71	24,70	0
12/07/2021 08:10:00	23,94	22,83	22,09	21,86	21,69	21,60	21,56	21,49	21,38	21,27	21,12	20,92	20,72	24,64	0
12/07/2021 08:15:00	23,81	22,95	22,25	22,02	21,86	21,74	21,63	21,53	21,41	21,28	21,12	20,91	20,70	24,54	0
12/07/2021 08:20:00	23,86	23,07	22,32	22,10	21,93	21,84	21,67	21,52	21,37	21,20	20,99	20,72	20,45	24,97	0
12/07/2021 08:25:00	24,24	23,14	22,35	22,04	21,84	21,72	21,58	21,46	21,33	21,18	21,01	20,77	20,54	25,04	0
12/07/2021 08:30:00	24,55	23,22	22,40	22,08	21,86	21,76	21,60	21,47	21,32	21,16	20,94	20,67	20,40	25,60	0
12/07/2021 08:35:00	24,61	23,48	22,59	22,21	21,92	21,69	21,51	21,35	21,19	21,02	20,82	20,57	20,32	25,66	0
12/07/2021 08:40:00	24,59	23,65	22,62	22,12	21,83	21,59	21,41	21,25	21,10	20,96	20,81	20,62	20,43	25,69	0
12/07/2021 08:45:00	24,94	23,71	22,61	22,16	21,88	21,74	21,56	21,41	21,28	21,15	21,01	20,81	20,61	26,41	0
12/07/2021 08:50:00	25,00	23,85	22,85	22,39	22,11	21,90	21,67	21,49	21,32	21,16	20,96	20,71	20,46	26,36	0
12/07/2021 08:55:00	24,89	23,78	22,85	22,40	22,09	21,93	21,81	21,69	21,55	21,41	21,26	21,07	20,87	25,22	0
12/07/2021 09:00:00	25,07	23,79	22,85	22,48	22,20	22,03	21,87	21,73	21,58	21,42	21,23	20,98	20,74	25,83	0
12/07/2021 09:05:00	25,40	24,07	23,11	22,62	22,24	22,02	21,84	21,69	21,52	21,36	21,17	20,94	20,71	25,95	0
12/07/2021 09:10:00	25,49	23,99	22,95	22,54	22,24	22,03	21,88	21,75	21,61	21,46	21,28	21,05	20,81	26,31	0
12/07/2021 09:15:00	25,64	24,20	23,22	22,74	22,43	22,23	22,02	21,85	21,69	21,51	21,30	21,03	20,76	26,28	0
12/07/2021 09:20:00	25,86	24,37	23,29	22,68	22,29	22,05	21,83	21,66	21,50	21,34	21,17	20,95	20,73	27,06	0
12/07/2021 09:25:00	25,78	24,46	23,52	23,03	22,68	22,42	22,16	21,95	21,76	21,55	21,29	20,99	20,68	27,05	0
12/07/2021 09:30:00	25,96	24,34	23,41	22,91	22,62	22,41	22,23	22,07	21,92	21,74	21,53	21,26	20,99	26,86	0
12/07/2021 09:35:00	26,26	24,62	23,61	23,12	22,84	22,65	22,42	22,24	22,07	21,87	21,62	21,31	20,99	27,57	0
12/07/2021 09:40:00	26,22	24,46	23,43	22,96	22,64	22,43	22,25	22,10	21,96	21,79	21,59	21,32	21,06	26,78	0
12/07/2021 09:45:00	25,93	24,74	23,75	23,25	22,87	22,58	22,33	22,12	21,92	21,71	21,46	21,17	20,87	26,50	0
12/07/2021 09:50:00	25,86	24,79	23,84	23,46	23,11	22,78	22,52	22,30	22,09	21,85	21,56	21,21	20,87	26,39	0
12/07/2021 09:55:00	26,33	24,87	23,68	23,21	22,84	22,54	22,31	22,13	21,97	21,80	21,59	21,33	21,08	27,20	0
12/07/2021 10:00:00	26,41	24,86	23,73	23,26	22,92	22,78	22,62	22,50	22,37	22,24	22,08	21,87	21,66	27,06	0
12/07/2021 10:05:00	26,93	24,92	23,86	23,46	23,20	22,99	22,77	22,60	22,44	22,23	21,94	21,58	21,22	27,51	0
12/07/2021 10:10:00	26,99	24,97	23,85	23,30	22,86	22,63	22,46	22,32	22,18	22,02	21,84	21,60	21,36	28,08	0
12/07/2021 10:15:00	26,68	25,25	24,22	23,70	23,38	23,10	22,81	22,59	22,40	22,18	21,91	21,59	21,27	27,38	0
12/07/2021 10:20:00	26,81	25,30	24,36	23,76	23,39	23,13	22,86	22,65	22,45	22,24	21,98	21,66	21,35	27,90	0
12/07/2021 10:25:00	26,93	25,35	24,28	23,72	23,28	22,93	22,69	22,48	22,28	22,07	21,81	21,50	21,19	27,76	0
12/07/2021 10:30:00	27,05	25,22	24,22	23,58	23,18	22,92	22,70	22,51	22,32	22,12	21,87	21,57	21,27	27,57	0
12/07/2021 10:35:00	26,88	25,38	24,39	23,90	23,53	23,20	22,95	22,75	22,57	22,36	22,10	21,79	21,48	28,73	0
12/07/2021 10:40:00	26,98	25,15	24,16	23,67	23,33	23,10	22,91	22,76	22,60	22,42	22,19	21,90	21,61	27,95	0
12/07/2021 10:45:00	26,84	25,42	24,50	23,92	23,60	23,33	23,11	22,93	22,74	22,54	22,29	21,99	21,69	28,30	0
12/07/2021 10:50:00	27,15	25,57	24,48	23,92	23,46	23,15	22,86	22,64	22,44	22,22	21,95	21,63	21,31	28,01	0
12/07/2021 10:55:00	27,38	25,33	24,40	23,91	23,59	23,38	23,20	23,07	22,92	22,75	22,52	22,23	21,95	28,89	0
12/07/2021 11:00:00	27,64	26,02	25,10	24,37	23,80	23,41	23,08	22,81	22,55	22,26	21,92	21,54	21,16	29,51	0
12/07/2021 11:05:00	27,55	25,74	24,65	24,09	23,76	23,47	23,27	23,10	22,92	22,70	22,43	22,10	21,77	28,61	0
12/07/2021 11:10:00	27,53	25,82	24,57	23,99	23,57	23,29	23,07	22,89	22,73	22,55	22,33	22,06	21,79	27,86	0
12/07/2021 11:15:00	27,46	25,87	24,80	24,25	23,80	23,53	23,21	22,96	22,75	22,51	22,21	21,85	21,49	27,75	0
12/07/2021 11:20:00	27,60	25,90	24,77	24,25	23,87	23,54	23,28	23,07	22,88	22,67	22,40	22,07	21,75	28,14	0
12/07/2021 11:25:00	27,43	26,08	25,03	24,48	24,11	23,76	23,44	23,19	22,96	22,71	22,40	22,04	21,67	28,42	0
12/07/2021 11:30:00	27,27	26,16	25,33	24,88	24,44	24,04	23,72	23,45	23,20	22,92	22,55	22,14	21,73	28,23	0
12/07/2021 11:35:00	27,88	26,02	25,01	24,46	24,00	23,68	23,40	23,17	22,95	22,69	22,35	21,96	21,57	29,06	0
12/07/2021 11:40:00	27,87	26,62	25,65	25,15	24,76	24,30	23,93	23,63	23,37	23,07	22,69	22,25	21,82	29,04	0
12/07/2021 11:45:00	28,32	26,53	25,42	24,78	24,26	23,89	23,58	23,34	23,13	22,91	22,64	22,33	22,02	29,31	0
12/07/2021 11:50:00	28,02	26,38	25,32	24,80	24,39	24,04	23,73	23,48	23,26	22,99	22,65	22,26	21,86	29,90	0
12/07/2021 11:55:00	27,83	26,50	25,53	25,00	24,57	24,19	23,91	23,67	23,44	23,17	22,84	22,46	22,09	29,66	0
12/07/2021 12:00:00	28,01	26,80	25,75	25,20	24,74	24,26	23,90	23,61	23,35	23,06	22,69	22,28	21,87	29,27	0
12/07/2021 12:05:00	27,97	26,88	25,85	25,21	24,76	24,40	24,02	23,72	23,47	23,19	22,85	22,47	22,09	30,13	0
12/07/2021 12:10:00	27,76	27,07	26,05	25,50	25,02	24,67	24,31	24,01	23,75	23,47	23,14	22,75	22,37	28,40	0
12/07/2021 12:15:00	27,86	27,14	26,25	25,73	25,26	24,82	24,46	24,16	23,89	23,60	23,24	22,84	22,44	29,93	0
12/07/2021 12:20:00	27,89	27,26	26,28	25,78	25,20	24,73	24,35	24,02	23,72	23,40	23,00	22,57	22,14	30,28	0
12/07/2021 12:25:00	27,45	27,17	26,39	25,91	25,47	25,06	24,64	24,29	23,99	23,66	23,25	22,81	22,36	29,47	0
12/07/2021 12:30:00	27,53	27,28	26,44	25,99	25,51	25,03	24,61	24,26	23,94	23,59	23,16	22,69	22,22	29,33	0
12/07/2021 12:35:00	27,92	27,66	26,79	26,15	25,55	25,00	24,51	24,10	23,74	23,36	22,90	22,41	21,92	29,76	0
12/07/2021 12:40:00	28,34	27,26	26,29	25,76	25,27	24,90	24,60	24,35	24,11	23,84	23,52	23,14	22,77	30,10	0
12/07/2021 12:45:00	28,38	27,34	26,43	25,99	25,64	25,22	24,82	24,50	24,22	23,89	23,46	22,97	22,48	29,33	0
12/07/2021 12:50:00	28,54	27,22	26,21	25,70	25,30	24,94	24,64	24,39	24,16	23,88	23,54	23,13	22,73	30,93	0
12/07/2021 12:55:00	28,63	27,35	26,41	25,81	25,35	24,97	24,62	24,33	24,08	23,80	23,45	23,05	22,65	30,45	0
12/07/2021 13:00:00	28,99	27,56	26,38	25,82	25,38	24,99	24,66	24,40	24,19	23,95	23,66	23,31	22,96	30,73	0
12/07/2021 13:05:00	28,70	27,49	26,49	25,88	25,44	25,02	24,71	24,46	24,22	23,96	23,64	23,27	22,90	30,02	0
12/07/2021 13:10:00	28,83	27,53	26,48	25,88	25,45	25,08	24,79	24,56	24,33	24,09	23,78	23,43	23,08	30,65	0
12/07/2021 13:15:00	29,04	27,43	26,40	25,89	25,45	25,12	24,87	24,66	24,45	24,21	23,89	23,52	23,15	30,73	0
12/07/2021 13:20:00	29,01	27,47	26,54	26,02	25,70	25,37	25,08	24,84	24,61	24,32	23,94	23,49	23,05	30,08	0
12/07/2021 13:25:00	28,86	27,40	26,36	25,82	25,41	25,15	24,88	24,65	24,44	24,19	23,88	23,50	23,13	29,46	0
12/07/2021 13:30:00	29,01	27,68	26,76	26,29	25,82	25,32	24,97	24,67	24,39	24,06	23,63	23,14	22,65	29,06	0
12/07/2021 13:35:00	29,31	27,45	26,38	25,74	25,29	25,00	24,69	24,45	24,26	24,03	23,73	23,38	23,04	29,31	0
12/07/2021 13:40:00	28,99	27,56	26,57	26,07	25,62	25,28	24,92	24,64	24,40	24,12	23,75	23,32	22,89	29,86	0
12/07/2021 13:45:00	28,90	27,64	26,84	26,46	26,11	25,83	25,48	25,20	24,93	24,59	24,13	23,60	23,07	29,91	0
12/07/2021 13:50:00	29,20	27,80	26,68	26,08	25,68	25,24	24,91	24,66	24,43	24,19	23,87	23,51	23,14	30,16	0
12/07/2021 13:55:00	29,29	27,84	26,77	26,30	25,90	25,49	25,18	24,92	24,67	24,37	23,97	23,51	23,05	30,50	0
12/07/2021 14:00:00	29,25	27,73	26,77	26,29	25,92	25,63	25,36	25,15	24,93	24,67	24,33	23,92	23,51	30,11	0
12/07/2021 14:05:00	29,35	28,01	26,96	26,33	25,84	25,50	25,18	24,92	24,70	24,46	24,16	23,81	23,46	30,95	0
12/07/2021 14:10:00	29,72	27,83	26,73	26,18	25,76	25,47	25,25	25,07	24,90	24,69	24,41	24,08	23,75	30,61	0
12/07/2021 14:15:00	29,27	27,89	26,83	26,33	25,89	25,57	25,30	25,07	24,87	24,63	24,33	23,98	23,62	31,18	0
12/07/2021 14:20:00	29,79	28,02	26,80	26,28	25,82	25,46	25,22	25,02	24,84	24,62	24,33	23,99	23,64	31,39	0
12/07/2021 14:25:00	29,53	28,34	27,19	26,61	26,15	25,74	25,41	25,14	24,90	24,64	24,31	23,92	23,54	30,53	0
12/07/2021 14:30:00	29,56	28,15	27,17	26,57	26,15	25,80	25,53	25,30	25,08	24,83	24,50	24,12	23,74	30,38	0
12/07/2021 14:35:00	29,92	28,37	27,28	26,74	26,37	26,09	25,80	25,58	25,38	25,15	24,83	24,45	24,07	30,98	0
12/07/2021 14:40:00	29,92	28,44	27,36	26,84	26,44	26,10	25,78	25,53	25,32	25,06	24,72	24,33	23,93	31,82	0
12/07/2021 14:45:00	29,87	28,47	27,47	26,95	26,48	26,19	25,89	25,65	25,43	25,17	24,83	24,43	24,04	32,29	0
12/07/2021 14:50:00	30,11	28,53	27,46	26,95	26,57	26,25	25,96	25,73	25,52	25,26	24,92	24,51	24,10	32,67	0
12/07/2021 14:55:00	29,99	28,36	27,39	26,78	26,41	26,09	25,80	25,56	25,36	25,11	24,78	24,39	24,01	31,08	0
12/07/2021 15:00:00	30,17	28,57	27,59	27,02	26,68	26,36	26,04	25,78	25,56	25,29	24,92	24,48	24,05	31,23	0
12/07/2021 15:05:00	30,31	28,67	27,71	27,08	26,55	26,15	25,87	25,63	25,40	25,13	24,79	24,40	24,01	31,36	0
12/07/2021 15:10:00	29,85	28,45	27,61	27,15	26,71	26,35	26,08	25,85	25,62	25,34	24,96	24,53	24,10	32,32	0
12/07/2021 15:15:00	29,99	28,49	27,42	26,88	26,51	26,21	25,92	25,70	25,51	25,28	24,99	24,63	24,27	32,72	0
12/07/2021 15:20:00	29,95	28,62	27,62	27,07	26,65	26,32	26,03	25,78	25,56	25,31	24,98	24,60	24,21	31,18	0
12/07/2021 15:25:00	30,07	28,57	27,61	27,04	26,69	26,41	26,13	25,91	25,70	25,46	25,14	24,77	24,39	31,23	0
12/07/2021 15:30:00	30,11	28,80	27,94	27,28	26,77	26,37	25,94	25,60	25,31	24,97	24,54	24,06	23,57	31,46	0
12/07/2021 15:35:00	29,87	28,68	27,83	27,31	26,83	26,50	26,12	25,82	25,56	25,26	24,88	24,44	24,00	30,60	0
12/07/2021 15:40:00	29,98	28,61	27,59	27,10	26,76	26,47	26,27	26,09	25,90	25,68	25,39	25,03	24,68	32,10	0
12/07/2021 15:45:00	29,83	28,84	27,90	27,27	26,81	26,35	26,04	25,77	25,51	25,23	24,89	24,50	24,11	31,55	0
12/07/2021 15:50:00	29,76	28,83	27,98	27,40	27,03	26,70	26,29	25,97	25,71	25,40	25,00	24,54	24,09	31,80	0
12/07/2021 15:55:00	29,99	28,85	28,06	27,54	27,10	26,66	26,26	25,93	25,65	25,30	24,84	24,33	23,82	31,62	0
12/07/2021 16:00:00	29,75	28,64	27,83	27,35	26,97	26,65	26,30	26,02	25,77	25,47	25,08	24,63	24,17	31,05	0
12/07/2021 16:05:00	29,68	28,74	27,90	27,48	27,10	26,80	26,49	26,24	26,02	25,76	25,43	25,04	24,65	32,67	0
12/07/2021 16:10:00	29,83	28,84	28,02	27,47	27,04	26,72	26,42	26,16	25,91	25,62	25,25	24,82	24,40	31,26	0
12/07/2021 16:15:00	29,64	28,80	27,96	27,50	27,03	26,73	26,41	26,14	25,89	25,60	25,23	24,81	24,39	30,83	0
12/07/2021 16:20:00	29,61	28,73	27,87	27,37	26,95	26,60	26,29	26,02	25,77	25,48	25,11	24,69	24,27	31,02	0
12/07/2021 16:25:00	29,73	28,78	28,07	27,66	27,26	26,94	26,62	26,34	26,07	25,74	25,31	24,82	24,32	31,19	0
12/07/2021 16:30:00	29,78	28,89	28,02	27,52	27,12	26,77	26,47	26,21	25,97	25,70	25,34	24,94	24,53	31,84	0
12/07/2021 16:35:00	29,73	29,08	28,34	27,86	27,34	26,89	26,52	26,20	25,89	25,54	25,10	24,60	24,11	31,29	0
12/07/2021 16:40:00	29,62	28,82	27,97	27,50	27,22	26,90	26,56	26,29	26,04	25,75	25,36	24,92	24,47	31,26	0
12/07/2021 16:45:00	29,53	28,82	28,04	27,57	27,13	26,72	26,37	26,07	25,79	25,47	25,06	24,60	24,14	31,23	0
12/07/2021 16:50:00	29,41	28,70	27,96	27,58	27,18	26,86	26,56	26,30	26,06	25,78	25,42	25,00	24,58	31,15	0
12/07/2021 16:55:00	29,56	28,85	28,08	27,56	27,17	26,75	26,37	26,06	25,77	25,44	25,01	24,52	24,04	31,20	0
12/07/2021 17:00:00	29,36	28,58	27,87	27,47	27,17	26,83	26,57	26,35	26,11	25,84	25,48	25,05	24,63	31,00	0
12/07/2021 17:05:00	29,68	28,74	28,00	27,54	27,10	26,74	26,46	26,21	25,95	25,65	25,26	24,81	24,36	31,61	0
12/07/2021 17:10:00	29,45	28,75	28,05	27,62	27,22	26,84	26,55	26,29	26,03	25,72	25,33	24,89	24,45	30,93	0
12/07/2021 17:15:00	29,45	28,63	27,96	27,59	27,24	26,92	26,68	26,46	26,22	25,94	25,56	25,13	24,70	31,78	0
12/07/2021 17:20:00	29,50	28,79	28,11	27,61	27,27	26,90	26,58	26,30	26,03	25,72	25,32	24,87	24,41	31,23	0
12/07/2021 17:25:00	29,41	28,66	28,03	27,57	27,14	26,79	26,49	26,23	25,96	25,65	25,25	24,80	24,35	31,21	0
12/07/2021 17:30:00	29,29	28,67	28,11	27,69	27,28	26,94	26,58	26,28	25,99	25,66	25,23	24,75	24,27	30,98	0
12/07/2021 17:35:00	29,21	28,71	28,26	27,84	27,37	27,02	26,69	26,38	26,07	25,70	25,23	24,71	24,19	30,80	0
12/07/2021 17:40:00	29,51	28,64	28,01	27,56	27,27	26,97	26,66	26,40	26,14	25,83	25,41	24,93	24,45	31,36	0
12/07/2021 17:45:00	29,48	28,69	28,11	27,68	27,35	27,01	26,65	26,35	26,08	25,75	25,32	24,83	24,34	31,53	0
12/07/2021 17:50:00	29,39	28,60	27,91	27,46	27,07	26,77	26,48	26,23	25,98	25,70	25,32	24,90	24,48	31,40	0
12/07/2021 17:55:00	29,16	28,66	28,22	27,87	27,53	27,17	26,82	26,52	26,22	25,86	25,38	24,84	24,30	31,01	0
12/07/2021 18:00:00	29,14	28,57	27,98	27,61	27,23	26,89	26,56	26,28	26,01	25,70	25,28	24,82	24,35	30,71	0
12/07/2021 18:05:00	29,08	28,51	28,05	27,67	27,33	26,96	26,63	26,34	26,05	25,70	25,24	24,72	24,20	30,66	0
12/07/2021 18:10:00	29,05	28,57	28,05	27,69	27,32	27,03	26,68	26,39	26,11	25,77	25,33	24,84	24,35	30,60	0
12/07/2021 18:15:00	29,14	28,63	28,07	27,66	27,30	26,93	26,63	26,36	26,09	25,77	25,36	24,91	24,45	31,06	0
12/07/2021 18:20:00	29,12	28,45	27,84	27,47	27,09	26,72	26,44	26,18	25,92	25,61	25,19	24,73	24,27	31,08	0
12/07/2021 18:25:00	28,99	28,52	28,02	27,65	27,22	26,87	26,55	26,27	25,98	25,65	25,23	24,75	24,27	30,91	0
12/07/2021 18:30:00	28,99	28,53	27,94	27,48	27,12	26,78	26,42	26,12	25,84	25,53	25,12	24,66	24,21	30,99	0
12/07/2021 18:35:00	28,83	28,50	28,04	27,65	27,29	26,96	26,58	26,25	25,95	25,59	25,13	24,61	24,10	30,62	0
12/07/2021 18:40:00	28,94	28,42	27,92	27,50	27,09	26,76	26,42	26,12	25,84	25,50	25,07	24,58	24,10	31,10	0
12/07/2021 18:45:00	28,75	28,33	27,83	27,41	26,98	26,65	26,34	26,05	25,76	25,43	25,01	24,54	24,08	30,61	0
12/07/2021 18:50:00	28,56	28,25	27,87	27,54	27,17	26,85	26,50	26,20	25,91	25,56	25,12	24,62	24,12	30,30	0
12/07/2021 18:55:00	28,66	28,34	27,91	27,54	27,19	26,82	26,47	26,17	25,87	25,53	25,09	24,60	24,10	30,52	0
12/07/2021 19:00:00	28,60	28,21	27,74	27,38	27,01	26,68	26,36	26,07	25,78	25,44	24,99	24,49	24,00	30,41	0
12/07/2021 19:05:00	28,49	28,14	27,76	27,45	27,07	26,72	26,39	26,10	25,80	25,45	24,99	24,48	23,96	30,43	0
12/07/2021 19:10:00	28,39	28,27	27,90	27,53	27,12	26,76	26,46	26,17	25,86	25,51	25,07	24,58	24,09	30,30	0
12/07/2021 19:15:00	28,12	28,26	27,99	27,58	27,14	26,73	26,36	26,02	25,68	25,29	24,81	24,28	23,76	30,68	0
12/07/2021 19:20:00	28,17	28,18	27,88	27,57	27,20	26,83	26,44	26,10	25,78	25,40	24,92	24,39	23,85	30,50	0
12/07/2021 19:25:00	28,11	28,11	27,82	27,49	27,08	26,72	26,37	26,05	25,74	25,37	24,91	24,40	23,89	30,21	0
12/07/2021 19:30:00	27,90	28,07	27,82	27,49	27,17	26,81	26,48	26,16	25,85	25,48	25,00	24,48	23,96	30,13	0
12/07/2021 19:35:00	27,99	28,11	27,85	27,49	27,03	26,66	26,28	25,94	25,61	25,22	24,74	24,22	23,69	30,10	0
12/07/2021 19:40:00	27,87	27,95	27,68	27,39	27,05	26,71	26,39	26,08	25,78	25,42	24,96	24,44	23,93	30,12	0
12/07/2021 19:45:00	27,67	27,93	27,68	27,35	26,99	26,65	26,27	25,93	25,61	25,24	24,77	24,26	23,75	30,23	0
12/07/2021 19:50:00	27,94	28,12	27,94	27,66	27,21	26,88	26,56	26,24	25,91	25,53	25,05	24,52	23,99	30,06	0
12/07/2021 19:55:00	27,85	28,09	27,85	27,57	27,23	26,87	26,51	26,19	25,86	25,48	24,99	24,46	23,92	29,83	0
12/07/2021 20:00:00	28,02	28,32	28,13	27,91	27,61	27,23	26,92	26,61	26,29	25,92	25,43	24,89	24,35	29,57	0
12/07/2021 20:05:00	28,29	28,58	28,45	28,19	27,83	27,49	27,15	26,83	26,51	26,13	25,64	25,11	24,58	29,43	0
12/07/2021 20:10:00	28,57	28,79	28,67	28,37	28,03	27,73	27,43	27,13	26,82	26,46	25,99	25,47	24,96	29,33	0
12/07/2021 20:15:00	28,74	29,05	28,97	28,75	28,44	28,09	27,81	27,52	27,21	26,84	26,35	25,81	25,28	29,31	0
12/07/2021 20:20:00	28,91	29,35	29,28	28,99	28,70	28,42	28,07	27,75	27,43	27,06	26,57	26,04	25,51	29,20	0
12/07/2021 20:25:00	29,11	29,54	29,53	29,29	29,00	28,66	28,37	28,07	27,75	27,36	26,84	26,28	25,72	29,13	0
12/07/2021 20:30:00	28,90	29,58	29,55	29,33	29,00	28,66	28,33	28,01	27,67	27,27	26,75	26,18	25,61	28,96	0
12/07/2021 20:35:00	28,92	29,55	29,59	29,35	29,01	28,68	28,33	27,99	27,65	27,24	26,71	26,13	25,56	28,86	0
12/07/2021 20:40:00	28,94	29,48	29,46	29,30	29,01	28,70	28,34	28,01	27,68	27,29	26,76	26,18	25,60	28,53	0
12/07/2021 20:45:00	28,61	29,13	29,18	28,96	28,67	28,33	27,97	27,64	27,30	26,90	26,36	25,78	25,20	28,53	0
12/07/2021 20:50:00	27,81	28,95	29,41	29,27	28,96	28,61	28,23	27,85	27,45	26,97	26,35	25,69	25,03	28,32	0
12/07/2021 20:55:00	27,64	28,91	29,39	29,26	28,99	28,67	28,28	27,89	27,50	27,03	26,41	25,75	25,10	27,93	0
12/07/2021 21:00:00	27,57	28,80	29,28	29,16	28,94	28,61	28,22	27,84	27,46	26,99	26,38	25,73	25,07	27,65	0
12/07/2021 21:05:00	27,50	28,75	29,23	29,09	28,86	28,51	28,17	27,81	27,43	26,97	26,37	25,73	25,09	27,21	0
12/07/2021 21:10:00	27,09	28,74	29,31	29,25	28,97	28,62	28,21	27,81	27,39	26,90	26,26	25,57	24,89	26,91	0
12/07/2021 21:15:00	26,77	28,43	28,95	28,87	28,64	28,26	27,88	27,50	27,09	26,62	26,00	25,35	24,69	26,88	0
12/07/2021 21:20:00	27,70	28,29	28,60	28,42	28,20	27,94	27,59	27,26	26,92	26,50	25,94	25,33	24,72	26,61	0
12/07/2021 21:25:00	26,91	27,97	28,44	28,36	28,11	27,80	27,45	27,10	26,72	26,26	25,66	25,01	24,36	26,66	0
12/07/2021 21:30:00	26,90	28,00	28,44	28,30	28,08	27,73	27,37	27,01	26,63	26,17	25,58	24,94	24,31	26,96	0
12/07/2021 21:35:00	26,56	27,83	28,51	28,39	28,15	27,83	27,45	27,06	26,66	26,17	25,53	24,85	24,18	26,73	0
12/07/2021 21:40:00	26,37	27,87	28,51	28,44	28,18	27,83	27,45	27,07	26,66	26,17	25,54	24,87	24,19	26,49	0
12/07/2021 21:45:00	26,14	27,88	28,55	28,43	28,20	27,81	27,41	27,00	26,58	26,08	25,44	24,77	24,10	26,32	0
12/07/2021 21:50:00	26,02	27,71	28,46	28,38	28,13	27,79	27,42	27,03	26,61	26,11	25,47	24,80	24,12	26,08	0
12/07/2021 21:55:00	25,93	27,66	28,47	28,44	28,22	27,89	27,50	27,10	26,67	26,15	25,47	24,76	24,04	25,84	0
12/07/2021 22:00:00	25,74	27,55	28,49	28,51	28,28	27,93	27,57	27,18	26,73	26,20	25,49	24,76	24,02	25,68	0
12/07/2021 22:05:00	25,62	27,35	28,33	28,37	28,23	27,94	27,60	27,22	26,80	26,28	25,59	24,86	24,13	25,54	0
12/07/2021 22:10:00	25,57	27,42	28,36	28,35	28,18	27,87	27,51	27,12	26,69	26,17	25,50	24,78	24,07	25,25	0
12/07/2021 22:15:00	25,52	27,39	28,40	28,40	28,23	27,94	27,57	27,18	26,74	26,22	25,53	24,80	24,08	24,98	0
12/07/2021 22:20:00	25,52	27,34	28,34	28,39	28,24	27,93	27,55	27,15	26,72	26,18	25,47	24,71	23,96	24,81	0
12/07/2021 22:25:00	25,28	27,18	28,24	28,31	28,22	27,95	27,57	27,17	26,74	26,20	25,49	24,74	23,99	24,94	0
12/07/2021 22:30:00	24,99	26,93	27,91	28,02	27,88	27,60	27,24	26,85	26,43	25,91	25,22	24,49	23,76	24,85	0
12/07/2021 22:35:00	24,83	26,87	27,90	27,91	27,76	27,48	27,12	26,73	26,29	25,77	25,08	24,36	23,64	24,61	0
12/07/2021 22:40:00	24,56	26,44	27,58	27,64	27,47	27,20	26,86	26,48	26,05	25,51	24,82	24,08	23,35	24,64	0
12/07/2021 22:45:00	24,54	26,50	27,66	27,69	27,58	27,34	26,97	26,57	26,13	25,59	24,88	24,14	23,39	24,53	0
12/07/2021 22:50:00	24,45	26,51	27,61	27,66	27,51	27,23	26,85	26,44	25,99	25,45	24,74	24,00	23,26	24,48	0
12/07/2021 22:55:00	24,24	26,28	27,52	27,67	27,56	27,27	26,91	26,51	26,06	25,50	24,76	23,98	23,20	24,29	0
12/07/2021 23:00:00	24,16	26,11	27,32	27,47	27,37	27,10	26,77	26,40	25,96	25,42	24,70	23,95	23,19	24,31	0
12/07/2021 23:05:00	24,18	26,17	27,35	27,47	27,38	27,11	26,73	26,33	25,89	25,34	24,61	23,84	23,07	23,91	0
12/07/2021 23:10:00	23,90	25,91	27,07	27,21	27,17	26,92	26,57	26,18	25,75	25,22	24,51	23,75	23,00	23,95	0
12/07/2021 23:15:00	23,83	25,84	27,04	27,21	27,15	26,87	26,54	26,16	25,73	25,19	24,47	23,71	22,96	23,71	0
12/07/2021 23:20:00	23,80	25,68	26,91	27,12	27,08	26,84	26,53	26,17	25,75	25,21	24,49	23,73	22,96	23,73	0
12/07/2021 23:25:00	23,73	25,81	27,07	27,20	27,12	26,89	26,54	26,15	25,71	25,17	24,45	23,70	22,94	23,73	0
12/07/2021 23:30:00	23,61	25,82	27,14	27,29	27,20	26,96	26,59	26,18	25,72	25,16	24,43	23,65	22,87	23,61	0
12/07/2021 23:35:00	23,59	25,58	26,94	27,20	27,16	26,99	26,68	26,32	25,89	25,35	24,62	23,84	23,06	23,53	0
12/07/2021 23:40:00	23,54	25,56	26,98	27,22	27,13	26,96	26,65	26,29	25,86	25,31	24,57	23,79	23,01	23,46	0
12/07/2021 23:45:00	23,48	25,53	26,92	27,16	27,14	26,95	26,63	26,26	25,83	25,28	24,54	23,75	22,97	23,48	0
12/07/2021 23:50:00	23,42	25,62	27,08	27,29	27,25	27,05	26,71	26,33	25,88	25,31	24,56	23,77	22,97	23,50	0
12/07/2021 23:55:00	23,44	25,43	26,90	27,15	27,14	26,97	26,66	26,30	25,87	25,32	24,58	23,79	23,00	23,43	0
