FileFormat:0002.2 file with temperature of atmosphere
200
local	GMT or Local
0	GMT-Local=[hours]
0	Height[m]
0	0	0	Longitude                [grd]               [min]               [sec]
0	0	0	Latitude                [grd]               [min]               [sec]
N	NS
59,40	Freq[GHz]
0,00	dTemostat[K]
0,150	MessErr[K]
0,248	//[grad/step]
version 14.0.20110218
MTP5H033F5940K-33.00D180214+A1.1
Commentary:
enter comment
End Of Commentary

SYSTEM\summer.dat
data time	0	50	100	150	200	250	300	350	400	450	500	550	600	OutsideTemperature	Quality
08/04/2021 00:00:00	2,73	2,53	2,46	2,28	2,14	1,91	1,70	1,45	1,19	0,96	0,79	0,61	0,44	2,93	0
08/04/2021 00:05:00	2,73	2,56	2,44	2,33	2,20	1,97	1,75	1,51	1,25	1,04	0,87	0,70	0,53	2,76	0
08/04/2021 00:10:00	2,69	2,58	2,45	2,32	2,11	1,92	1,67	1,41	1,15	0,93	0,77	0,61	0,44	2,72	0
08/04/2021 00:15:00	2,70	2,59	2,44	2,29	2,11	1,89	1,65	1,39	1,13	0,91	0,75	0,59	0,43	2,73	0
08/04/2021 00:20:00	2,71	2,58	2,47	2,29	2,16	1,91	1,68	1,43	1,17	0,95	0,78	0,61	0,44	2,73	0
08/04/2021 00:25:00	2,70	2,58	2,44	2,31	2,11	1,88	1,65	1,40	1,13	0,91	0,74	0,57	0,40	2,75	0
08/04/2021 00:30:00	2,75	2,54	2,40	2,23	2,06	1,87	1,67	1,45	1,20	0,99	0,85	0,70	0,56	2,73	0
08/04/2021 00:35:00	2,70	2,57	2,46	2,30	2,10	1,86	1,56	1,27	0,99	0,76	0,57	0,38	0,19	2,73	0
08/04/2021 00:40:00	2,73	2,60	2,51	2,42	2,22	1,99	1,77	1,52	1,25	1,02	0,83	0,65	0,46	2,70	0
08/04/2021 00:45:00	2,71	2,56	2,42	2,23	2,07	1,86	1,62	1,37	1,11	0,90	0,74	0,58	0,43	2,68	0
08/04/2021 00:50:00	2,72	2,64	2,47	2,31	2,11	1,83	1,59	1,34	1,06	0,83	0,66	0,49	0,31	2,83	0
08/04/2021 00:55:00	2,87	2,84	2,73	2,58	2,34	2,05	1,77	1,49	1,19	0,93	0,73	0,52	0,32	2,83	0
08/04/2021 01:00:00	2,80	2,78	2,64	2,41	2,18	1,92	1,63	1,33	1,05	0,81	0,62	0,45	0,27	2,88	0
08/04/2021 01:05:00	2,90	2,80	2,67	2,47	2,23	1,94	1,66	1,37	1,08	0,82	0,62	0,42	0,22	2,89	0
08/04/2021 01:10:00	2,91	2,85	2,71	2,54	2,28	1,98	1,68	1,38	1,08	0,82	0,61	0,40	0,19	2,94	0
08/04/2021 01:15:00	2,99	2,94	2,76	2,52	2,30	2,01	1,76	1,48	1,19	0,95	0,77	0,59	0,42	3,05	0
08/04/2021 01:20:00	2,95	2,83	2,71	2,51	2,26	1,99	1,67	1,36	1,07	0,81	0,60	0,39	0,19	2,93	0
08/04/2021 01:25:00	3,01	2,91	2,74	2,51	2,25	1,95	1,62	1,31	1,01	0,75	0,54	0,34	0,14	2,94	0
08/04/2021 01:30:00	2,97	2,88	2,69	2,48	2,21	1,93	1,62	1,32	1,02	0,77	0,57	0,38	0,19	3,08	0
08/04/2021 01:35:00	3,08	2,98	2,87	2,65	2,48	2,12	1,81	1,51	1,20	0,93	0,70	0,48	0,25	3,03	0
08/04/2021 01:40:00	2,92	2,82	2,65	2,39	2,11	1,86	1,55	1,25	0,95	0,71	0,52	0,34	0,16	2,90	0
08/04/2021 01:45:00	2,87	2,74	2,60	2,36	2,11	1,84	1,54	1,24	0,95	0,70	0,51	0,32	0,14	2,90	0
08/04/2021 01:50:00	2,87	2,81	2,65	2,42	2,17	1,92	1,57	1,25	0,96	0,71	0,52	0,33	0,15	2,85	0
08/04/2021 01:55:00	2,95	2,82	2,67	2,42	2,18	1,90	1,60	1,30	1,00	0,75	0,55	0,35	0,16	2,94	0
08/04/2021 02:00:00	2,96	2,95	2,77	2,50	2,25	1,94	1,60	1,28	0,97	0,71	0,51	0,32	0,12	2,95	0
08/04/2021 02:05:00	2,97	2,87	2,71	2,48	2,23	1,95	1,62	1,30	1,01	0,75	0,55	0,35	0,16	2,98	0
08/04/2021 02:10:00	2,96	2,83	2,70	2,46	2,24	1,91	1,64	1,35	1,05	0,79	0,58	0,37	0,16	3,00	0
08/04/2021 02:15:00	3,07	3,02	2,90	2,69	2,42	2,13	1,76	1,42	1,11	0,84	0,61	0,39	0,17	3,03	0
08/04/2021 02:20:00	3,02	3,05	2,94	2,70	2,39	2,05	1,69	1,35	1,02	0,73	0,48	0,25	0,01	2,96	0
08/04/2021 02:25:00	2,99	2,95	2,85	2,59	2,37	2,01	1,72	1,41	1,09	0,82	0,58	0,36	0,14	2,95	0
08/04/2021 02:30:00	3,00	3,03	2,88	2,67	2,34	2,01	1,67	1,33	1,01	0,72	0,49	0,26	0,04	2,98	0
08/04/2021 02:35:00	3,01	3,05	2,90	2,64	2,33	2,03	1,63	1,27	0,94	0,66	0,44	0,22	0,00	3,00	0
08/04/2021 02:40:00	2,96	3,08	2,99	2,71	2,41	2,07	1,71	1,36	1,03	0,74	0,49	0,26	0,03	3,01	0
08/04/2021 02:45:00	3,03	3,19	3,07	2,83	2,46	2,14	1,76	1,40	1,06	0,76	0,52	0,28	0,05	3,04	0
08/04/2021 02:50:00	2,95	3,15	3,06	2,80	2,44	2,06	1,69	1,32	0,96	0,65	0,38	0,12	-0,13	3,03	0
08/04/2021 02:55:00	3,06	3,30	3,21	2,92	2,59	2,14	1,75	1,36	0,99	0,66	0,38	0,10	-0,17	3,05	0
08/04/2021 03:00:00	3,17	3,35	3,19	2,91	2,52	2,13	1,72	1,34	0,99	0,67	0,41	0,17	-0,08	3,10	0
08/04/2021 03:05:00	3,27	3,37	3,16	2,82	2,47	2,06	1,61	1,20	0,85	0,54	0,28	0,03	-0,22	3,23	0
08/04/2021 03:10:00	3,33	3,36	3,13	2,79	2,39	2,00	1,60	1,22	0,87	0,57	0,32	0,09	-0,15	3,38	0
08/04/2021 03:15:00	3,37	3,38	3,11	2,77	2,42	2,00	1,60	1,23	0,89	0,59	0,35	0,12	-0,11	3,31	0
08/04/2021 03:20:00	3,39	3,39	3,13	2,80	2,42	2,03	1,62	1,24	0,90	0,61	0,37	0,14	-0,09	3,43	0
08/04/2021 03:25:00	3,39	3,43	3,15	2,77	2,43	2,02	1,57	1,17	0,82	0,53	0,29	0,07	-0,16	3,45	0
08/04/2021 03:30:00	3,31	3,25	2,97	2,67	2,28	1,91	1,53	1,18	0,85	0,56	0,33	0,12	-0,10	3,31	0
08/04/2021 03:35:00	3,27	3,22	2,95	2,53	2,18	1,79	1,41	1,05	0,71	0,43	0,21	0,01	-0,20	3,24	0
08/04/2021 03:40:00	3,28	3,24	2,98	2,63	2,26	1,89	1,54	1,20	0,86	0,59	0,37	0,16	-0,04	3,25	0
08/04/2021 03:45:00	3,27	3,19	2,90	2,52	2,20	1,81	1,45	1,10	0,78	0,51	0,30	0,11	-0,09	3,26	0
08/04/2021 03:50:00	3,31	3,23	2,94	2,60	2,29	1,90	1,51	1,16	0,83	0,56	0,34	0,13	-0,08	3,33	0
08/04/2021 03:55:00	3,29	3,18	2,91	2,54	2,24	1,81	1,44	1,09	0,76	0,47	0,24	0,03	-0,19	3,33	0
08/04/2021 04:00:00	3,27	3,19	2,91	2,52	2,14	1,77	1,40	1,04	0,71	0,42	0,21	0,00	-0,21	3,27	0
08/04/2021 04:05:00	3,27	3,16	2,87	2,54	2,21	1,80	1,47	1,14	0,82	0,54	0,32	0,11	-0,10	3,33	0
08/04/2021 04:10:00	3,22	3,11	2,83	2,55	2,19	1,84	1,49	1,15	0,83	0,56	0,35	0,14	-0,06	3,21	0
08/04/2021 04:15:00	3,22	3,09	2,76	2,40	2,03	1,72	1,32	0,96	0,65	0,39	0,20	0,03	-0,15	3,23	0
08/04/2021 04:20:00	3,16	3,03	2,76	2,43	2,11	1,76	1,39	1,04	0,72	0,46	0,25	0,05	-0,15	3,21	0
08/04/2021 04:25:00	3,18	3,07	2,72	2,39	2,06	1,70	1,36	1,03	0,72	0,46	0,27	0,09	-0,09	3,21	0
08/04/2021 04:30:00	3,23	3,15	2,83	2,42	2,13	1,79	1,38	1,01	0,70	0,44	0,25	0,08	-0,10	3,27	0
08/04/2021 04:35:00	3,20	3,14	2,87	2,52	2,21	1,85	1,52	1,20	0,88	0,62	0,42	0,23	0,05	3,17	0
08/04/2021 04:40:00	3,22	3,09	2,81	2,47	2,18	1,84	1,48	1,14	0,83	0,57	0,38	0,19	0,00	3,19	0
08/04/2021 04:45:00	3,19	3,04	2,73	2,45	2,10	1,79	1,42	1,08	0,78	0,53	0,34	0,15	-0,03	3,19	0
08/04/2021 04:50:00	3,17	3,08	2,75	2,43	2,10	1,75	1,41	1,09	0,78	0,52	0,33	0,15	-0,03	3,18	0
08/04/2021 04:55:00	3,18	3,11	2,87	2,55	2,23	1,89	1,51	1,16	0,85	0,58	0,37	0,17	-0,04	3,24	0
08/04/2021 05:00:00	3,27	3,16	2,82	2,50	2,19	1,90	1,52	1,17	0,88	0,64	0,46	0,29	0,13	3,27	0
08/04/2021 05:05:00	3,37	3,25	2,91	2,59	2,29	1,93	1,55	1,21	0,90	0,64	0,45	0,26	0,08	3,32	0
08/04/2021 05:10:00	3,29	3,15	2,83	2,51	2,18	1,83	1,46	1,12	0,81	0,55	0,36	0,17	-0,02	3,33	0
08/04/2021 05:15:00	3,28	3,11	2,80	2,48	2,18	1,83	1,52	1,22	0,92	0,67	0,48	0,31	0,13	3,30	0
08/04/2021 05:20:00	3,27	3,16	2,82	2,42	2,08	1,71	1,34	0,99	0,67	0,41	0,21	0,02	-0,16	3,26	0
08/04/2021 05:25:00	2,91	2,92	2,43	2,08	1,75	1,46	1,09	0,77	0,48	0,27	0,16	0,05	-0,06	3,32	0
08/04/2021 05:30:00	3,51	3,46	3,17	2,90	2,50	2,17	1,77	1,40	1,08	0,80	0,58	0,37	0,16	3,33	0
08/04/2021 05:35:00	3,37	3,30	2,99	2,63	2,28	1,89	1,49	1,12	0,80	0,52	0,30	0,09	-0,12	3,38	0
08/04/2021 05:40:00	3,45	3,39	3,10	2,73	2,32	1,93	1,52	1,13	0,79	0,49	0,26	0,03	-0,19	3,43	0
08/04/2021 05:45:00	3,45	2,71	2,48	2,35	2,12	1,82	1,52	1,25	0,99	0,75	0,54	0,33	0,12	3,47	0
08/04/2021 05:50:00	3,09	3,17	3,00	2,71	2,38	2,03	1,62	1,24	0,91	0,61	0,37	0,14	-0,09	3,48	0
08/04/2021 05:55:00	3,63	3,60	3,36	3,08	2,71	2,36	2,02	1,68	1,35	1,07	0,84	0,62	0,40	3,52	0
08/04/2021 06:00:00	3,61	3,55	3,25	2,94	2,58	2,21	1,81	1,45	1,12	0,84	0,61	0,40	0,18	3,54	0
08/04/2021 06:05:00	3,57	3,46	3,21	2,93	2,57	2,22	1,84	1,49	1,17	0,88	0,65	0,43	0,20	3,55	0
08/04/2021 06:10:00	3,59	3,51	3,25	2,92	2,56	2,20	1,84	1,50	1,17	0,89	0,67	0,46	0,25	3,58	0
08/04/2021 06:15:00	3,57	3,53	3,24	2,94	2,61	2,30	1,93	1,58	1,27	1,02	0,82	0,63	0,44	3,57	0
08/04/2021 06:20:00	3,54	3,50	3,24	2,93	2,64	2,29	2,02	1,73	1,43	1,17	0,98	0,80	0,62	3,56	0
08/04/2021 06:25:00	3,52	3,46	3,25	3,01	2,79	2,60	2,32	2,05	1,79	1,58	1,43	1,29	1,15	3,56	0
08/04/2021 06:30:00	3,53	3,45	3,25	3,03	2,79	2,58	2,39	2,16	1,89	1,68	1,53	1,38	1,24	3,59	0
08/04/2021 06:35:00	3,46	3,37	3,18	2,95	2,80	2,52	2,26	2,00	1,72	1,50	1,33	1,16	0,99	3,55	0
08/04/2021 06:40:00	3,47	3,38	3,16	2,94	2,72	2,49	2,25	1,99	1,73	1,51	1,35	1,20	1,05	3,56	0
08/04/2021 06:45:00	3,59	3,69	3,56	3,36	2,52	2,07	1,67	1,24	0,80	0,39	0,01	-0,35	-0,71	3,58	0
08/04/2021 06:50:00	3,31	3,39	3,23	3,07	2,80	2,52	2,24	1,95	1,65	1,40	1,20	1,00	0,80	3,63	0
08/04/2021 06:55:00	3,72	3,66	3,46	3,22	3,05	2,84	2,61	2,37	2,11	1,90	1,76	1,61	1,47	3,63	0
08/04/2021 07:00:00	3,66	3,58	3,45	3,23	3,02	2,81	2,57	2,32	2,05	1,82	1,65	1,48	1,31	3,68	0
08/04/2021 07:05:00	3,61	3,54	3,30	3,07	2,81	2,60	2,39	2,14	1,88	1,67	1,52	1,38	1,25	3,60	0
08/04/2021 07:10:00	3,58	3,42	3,19	2,93	2,71	2,51	2,26	2,00	1,73	1,52	1,38	1,24	1,10	3,55	0
08/04/2021 07:15:00	3,46	3,39	3,17	2,93	2,66	2,38	2,17	1,92	1,63	1,40	1,22	1,06	0,89	3,47	0
08/04/2021 07:20:00	3,43	3,40	3,16	2,98	2,72	2,46	2,16	1,88	1,59	1,36	1,19	1,01	0,84	3,44	0
08/04/2021 07:25:00	3,42	3,38	3,17	2,90	2,63	2,39	2,18	1,93	1,64	1,41	1,25	1,09	0,94	3,48	0
08/04/2021 07:30:00	3,42	3,31	3,10	2,85	2,58	2,35	2,10	1,83	1,55	1,32	1,15	0,99	0,83	3,45	0
08/04/2021 07:35:00	3,32	3,31	3,11	2,84	2,54	2,23	1,93	1,62	1,31	1,05	0,84	0,64	0,44	3,40	0
08/04/2021 07:40:00	3,21	3,20	3,05	2,81	2,51	2,23	1,95	1,66	1,36	1,10	0,90	0,70	0,51	3,20	0
08/04/2021 07:45:00	3,24	3,23	3,03	2,79	2,54	2,25	1,99	1,72	1,42	1,18	1,00	0,83	0,66	3,26	0
08/04/2021 07:50:00	3,30	3,20	2,98	2,73	2,58	2,27	1,99	1,70	1,43	1,20	1,02	0,85	0,68	3,28	0
08/04/2021 07:55:00	3,29	2,96	2,76	2,43	2,12	2,01	1,77	1,52	1,27	1,06	0,93	0,81	0,69	3,30	0
08/04/2021 08:00:00	3,06	3,06	2,89	2,62	2,32	2,00	1,85	1,61	1,31	1,05	0,86	0,68	0,50	3,09	0
08/04/2021 08:05:00	2,98	3,01	2,84	2,59	2,31	2,07	1,77	1,47	1,17	0,93	0,75	0,58	0,41	2,91	0
08/04/2021 08:10:00	2,97	2,87	2,69	2,48	2,24	2,02	1,81	1,57	1,30	1,08	0,92	0,76	0,61	2,91	0
08/04/2021 08:15:00	2,92	2,85	2,58	2,34	2,07	1,90	1,69	1,45	1,19	0,99	0,87	0,76	0,65	2,92	0
08/04/2021 08:20:00	2,93	2,86	2,58	2,32	2,13	1,90	1,72	1,50	1,24	1,05	0,93	0,82	0,71	2,98	0
08/04/2021 08:25:00	2,86	2,66	2,44	2,18	2,00	1,83	1,63	1,41	1,16	0,97	0,85	0,74	0,62	2,81	0
08/04/2021 08:30:00	2,85	2,57	2,39	2,15	1,93	1,75	1,49	1,23	0,97	0,76	0,61	0,47	0,32	2,80	0
08/04/2021 08:35:00	2,75	2,49	2,29	1,98	1,86	1,72	1,48	1,24	1,01	0,83	0,72	0,61	0,51	2,71	0
08/04/2021 08:40:00	2,64	2,42	2,15	1,91	1,76	1,51	1,33	1,12	0,87	0,67	0,55	0,43	0,31	2,58	0
08/04/2021 08:45:00	2,44	2,20	1,99	1,75	1,59	1,47	1,20	0,95	0,72	0,54	0,43	0,33	0,22	2,28	0
08/04/2021 08:50:00	2,30	2,03	1,76	1,50	1,34	1,18	1,07	0,90	0,67	0,50	0,42	0,35	0,28	2,26	0
08/04/2021 08:55:00	2,05	1,82	1,59	1,38	1,17	1,00	0,85	0,65	0,41	0,22	0,11	0,01	-0,09	2,12	0
08/04/2021 09:00:00	1,70	1,47	1,24	1,14	1,02	0,90	0,69	0,48	0,27	0,11	0,03	-0,06	-0,14	1,82	0
08/04/2021 09:05:00	1,62	1,43	1,24	1,05	0,90	0,77	0,57	0,36	0,12	-0,05	-0,15	-0,24	-0,33	1,64	0
08/04/2021 09:10:00	1,55	1,33	1,17	1,02	0,85	0,73	0,53	0,32	0,08	-0,10	-0,20	-0,31	-0,42	1,48	0
08/04/2021 09:15:00	1,42	1,14	0,89	0,75	0,56	0,45	0,31	0,12	-0,10	-0,26	-0,33	-0,40	-0,47	1,44	0
08/04/2021 09:20:00	1,23	1,05	0,86	0,66	0,52	0,39	0,24	0,05	-0,18	-0,34	-0,42	-0,50	-0,58	1,31	0
08/04/2021 09:25:00	1,10	0,86	0,68	0,56	0,45	0,40	0,21	0,02	-0,18	-0,33	-0,39	-0,45	-0,51	1,11	0
08/04/2021 09:30:00	1,18	0,96	0,82	0,68	0,55	0,45	0,26	0,05	-0,17	-0,33	-0,42	-0,51	-0,60	1,12	0
08/04/2021 09:35:00	1,06	0,83	0,68	0,51	0,36	0,23	0,05	-0,15	-0,39	-0,56	-0,66	-0,76	-0,85	1,15	0
08/04/2021 09:40:00	0,90	0,76	0,59	0,51	0,35	0,17	0,00	-0,20	-0,44	-0,63	-0,75	-0,86	-0,97	0,86	0
08/04/2021 09:45:00	0,82	0,67	0,47	0,29	0,14	0,00	-0,21	-0,43	-0,66	-0,83	-0,92	-1,00	-1,08	0,78	0
08/04/2021 09:50:00	0,84	0,62	0,37	0,24	-0,01	-0,19	-0,35	-0,56	-0,82	-1,01	-1,11	-1,22	-1,32	0,84	0
08/04/2021 09:55:00	0,61	0,54	0,44	0,30	0,15	-0,02	-0,18	-0,39	-0,64	-0,83	-0,95	-1,06	-1,17	0,71	0
08/04/2021 10:00:00	0,72	0,57	0,41	0,19	0,06	-0,11	-0,31	-0,54	-0,78	-0,96	-1,06	-1,16	-1,25	0,82	0
08/04/2021 10:05:00	0,81	0,60	0,40	0,19	-0,06	-0,21	-0,46	-0,71	-0,97	-1,16	-1,27	-1,38	-1,48	0,74	0
08/04/2021 10:10:00	0,69	0,51	0,31	0,15	0,02	-0,20	-0,41	-0,64	-0,89	-1,08	-1,19	-1,30	-1,40	0,70	0
08/04/2021 10:15:00	0,61	0,45	0,31	0,13	0,02	-0,16	-0,38	-0,62	-0,86	-1,04	-1,15	-1,25	-1,36	0,58	0
08/04/2021 10:20:00	0,59	0,46	0,29	0,11	-0,04	-0,24	-0,43	-0,65	-0,90	-1,09	-1,20	-1,31	-1,41	0,56	0
08/04/2021 10:25:00	0,60	0,50	0,33	0,22	-0,01	-0,20	-0,42	-0,66	-0,91	-1,11	-1,23	-1,35	-1,47	0,63	0
08/04/2021 10:30:00	0,68	0,53	0,36	0,23	0,04	-0,17	-0,40	-0,64	-0,90	-1,10	-1,23	-1,36	-1,48	0,67	0
08/04/2021 10:35:00	0,64	0,55	0,40	0,25	0,08	-0,11	-0,35	-0,60	-0,86	-1,05	-1,18	-1,30	-1,41	0,66	0
08/04/2021 10:40:00	0,68	0,50	0,33	0,14	-0,06	-0,20	-0,36	-0,56	-0,81	-1,00	-1,10	-1,19	-1,29	0,67	0
08/04/2021 10:45:00	0,61	0,54	0,44	0,22	0,08	-0,15	-0,36	-0,61	-0,87	-1,08	-1,22	-1,35	-1,48	0,73	0
08/04/2021 10:50:00	0,60	0,52	0,42	0,21	0,07	-0,13	-0,36	-0,61	-0,87	-1,07	-1,19	-1,31	-1,43	0,74	0
08/04/2021 10:55:00	0,69	0,54	0,40	0,27	0,10	-0,04	-0,18	-0,38	-0,61	-0,79	-0,89	-0,98	-1,08	0,64	0
08/04/2021 11:00:00	0,66	0,59	0,48	0,29	0,16	0,00	-0,22	-0,45	-0,70	-0,88	-0,99	-1,09	-1,19	0,69	0
08/04/2021 11:05:00	0,71	0,60	0,48	0,31	0,17	0,00	-0,22	-0,46	-0,71	-0,90	-1,02	-1,13	-1,24	0,73	0
08/04/2021 11:10:00	0,78	0,67	0,53	0,36	0,16	-0,01	-0,25	-0,50	-0,76	-0,96	-1,08	-1,20	-1,32	0,82	0
08/04/2021 11:15:00	0,77	0,61	0,45	0,30	0,21	0,02	-0,19	-0,42	-0,65	-0,83	-0,94	-1,04	-1,14	0,78	0
08/04/2021 11:20:00	0,79	0,63	0,48	0,30	0,15	-0,06	-0,27	-0,50	-0,76	-0,96	-1,08	-1,19	-1,31	0,73	0
08/04/2021 11:25:00	0,81	0,67	0,55	0,36	0,14	-0,03	-0,26	-0,50	-0,76	-0,97	-1,10	-1,22	-1,34	0,92	0
08/04/2021 11:30:00	0,85	0,67	0,55	0,37	0,24	0,09	-0,16	-0,40	-0,64	-0,83	-0,94	-1,05	-1,15	0,78	0
08/04/2021 11:35:00	0,83	0,63	0,48	0,34	0,19	0,10	-0,08	-0,29	-0,51	-0,67	-0,75	-0,83	-0,91	0,69	0
08/04/2021 11:40:00	0,88	0,77	0,63	0,44	0,23	0,01	-0,20	-0,45	-0,72	-0,93	-1,06	-1,19	-1,32	0,94	0
08/04/2021 11:45:00	0,96	0,70	0,51	0,32	0,17	-0,02	-0,21	-0,43	-0,67	-0,86	-0,97	-1,08	-1,18	0,78	0
08/04/2021 11:50:00	1,05	0,90	0,62	0,34	0,08	-0,16	-0,46	-0,74	-1,02	-1,23	-1,35	-1,47	-1,59	0,96	0
08/04/2021 11:55:00	1,02	0,70	0,43	0,29	0,07	-0,06	-0,27	-0,50	-0,73	-0,90	-0,99	-1,07	-1,16	0,81	0
08/04/2021 12:00:00	1,16	0,90	0,63	0,38	0,10	-0,19	-0,46	-0,73	-1,01	-1,24	-1,39	-1,53	-1,66	0,92	0
08/04/2021 12:05:00	1,02	0,81	0,57	0,35	0,13	-0,09	-0,33	-0,58	-0,84	-1,03	-1,15	-1,26	-1,37	0,87	0
08/04/2021 12:10:00	1,41	0,95	0,62	0,32	-0,03	-0,28	-0,48	-0,73	-1,00	-1,22	-1,35	-1,47	-1,59	1,01	0
08/04/2021 12:15:00	1,27	0,91	0,60	0,28	0,06	-0,18	-0,43	-0,68	-0,94	-1,14	-1,25	-1,35	-1,45	0,79	0
08/04/2021 12:20:00	1,29	0,81	0,49	0,19	-0,07	-0,34	-0,62	-0,89	-1,16	-1,37	-1,51	-1,63	-1,76	0,91	0
08/04/2021 12:25:00	1,27	0,86	0,53	0,20	-0,11	-0,40	-0,68	-0,97	-1,26	-1,48	-1,63	-1,77	-1,90	0,89	0
08/04/2021 12:30:00	1,29	0,93	0,65	0,39	0,10	-0,18	-0,47	-0,76	-1,04	-1,27	-1,42	-1,56	-1,70	0,79	0
08/04/2021 12:35:00	1,05	0,78	0,53	0,29	-0,02	-0,25	-0,51	-0,79	-1,07	-1,29	-1,43	-1,56	-1,69	0,79	0
08/04/2021 12:40:00	0,88	0,71	0,52	0,30	0,10	-0,05	-0,27	-0,50	-0,75	-0,93	-1,03	-1,13	-1,22	0,72	0
08/04/2021 12:45:00	0,88	0,78	0,61	0,37	0,22	-0,01	-0,32	-0,61	-0,87	-1,07	-1,20	-1,32	-1,44	0,79	0
08/04/2021 12:50:00	0,66	0,53	0,36	0,19	0,02	-0,16	-0,38	-0,62	-0,87	-1,06	-1,17	-1,28	-1,38	0,75	0
08/04/2021 12:55:00	0,64	0,52	0,38	0,17	0,05	-0,10	-0,31	-0,54	-0,78	-0,95	-1,04	-1,13	-1,22	0,64	0
08/04/2021 13:00:00	0,65	0,45	0,32	0,18	0,04	-0,10	-0,33	-0,57	-0,81	-0,99	-1,09	-1,19	-1,29	0,68	0
08/04/2021 13:05:00	0,62	0,42	0,31	0,16	0,06	-0,04	-0,22	-0,42	-0,65	-0,81	-0,89	-0,98	-1,06	0,63	0
08/04/2021 13:10:00	0,51	0,42	0,28	0,20	0,11	-0,01	-0,14	-0,32	-0,54	-0,70	-0,77	-0,85	-0,92	0,55	0
08/04/2021 13:15:00	0,65	0,55	0,47	0,40	0,29	0,16	-0,03	-0,23	-0,47	-0,64	-0,75	-0,86	-0,96	0,61	0
08/04/2021 13:20:00	0,62	0,55	0,47	0,35	0,26	0,12	-0,03	-0,22	-0,45	-0,63	-0,73	-0,82	-0,92	0,56	0
08/04/2021 13:25:00	0,66	0,57	0,48	0,36	0,29	0,20	0,05	-0,13	-0,35	-0,51	-0,59	-0,67	-0,75	0,61	0
08/04/2021 13:30:00	0,76	0,64	0,51	0,39	0,23	0,12	-0,02	-0,20	-0,43	-0,60	-0,69	-0,77	-0,86	0,71	0
08/04/2021 13:35:00	0,86	0,70	0,54	0,34	0,21	0,09	-0,12	-0,34	-0,57	-0,74	-0,83	-0,91	-0,99	0,81	0
08/04/2021 13:40:00	1,16	0,93	0,67	0,43	0,23	0,01	-0,28	-0,56	-0,81	-1,01	-1,12	-1,23	-1,34	1,07	0
08/04/2021 13:45:00	1,21	0,95	0,73	0,44	0,16	-0,06	-0,29	-0,55	-0,83	-1,04	-1,17	-1,30	-1,42	1,02	0
08/04/2021 13:50:00	1,49	1,01	0,72	0,45	0,23	-0,07	-0,32	-0,58	-0,85	-1,06	-1,21	-1,35	-1,49	1,16	0
08/04/2021 13:55:00	1,52	1,18	0,87	0,50	0,20	-0,14	-0,40	-0,68	-0,98	-1,21	-1,37	-1,52	-1,66	1,25	0
08/04/2021 14:00:00	1,62	1,13	0,83	0,46	0,18	-0,16	-0,45	-0,74	-1,03	-1,27	-1,43	-1,59	-1,74	1,46	0
08/04/2021 14:05:00	1,44	1,19	0,85	0,61	0,29	0,00	-0,30	-0,59	-0,87	-1,10	-1,24	-1,38	-1,52	1,22	0
08/04/2021 14:10:00	1,62	1,24	0,94	0,65	0,34	0,04	-0,23	-0,51	-0,80	-1,03	-1,19	-1,34	-1,49	1,35	0
08/04/2021 14:15:00	1,80	1,54	1,24	0,91	0,62	0,26	-0,06	-0,37	-0,68	-0,93	-1,11	-1,28	-1,45	1,37	0
08/04/2021 14:20:00	1,85	1,42	1,12	0,76	0,44	0,07	-0,25	-0,57	-0,88	-1,13	-1,32	-1,50	-1,68	1,48	0
08/04/2021 14:25:00	1,98	1,68	1,33	1,00	0,72	0,32	-0,10	-0,47	-0,78	-1,03	-1,23	-1,41	-1,60	1,71	0
08/04/2021 14:30:00	2,13	1,74	1,43	1,06	0,69	0,31	0,02	-0,29	-0,61	-0,88	-1,07	-1,26	-1,44	1,90	0
08/04/2021 14:35:00	2,44	1,92	1,43	1,09	0,71	0,32	-0,11	-0,48	-0,78	-1,04	-1,22	-1,39	-1,57	2,16	0
08/04/2021 14:40:00	2,49	2,08	1,63	1,20	0,74	0,31	-0,14	-0,54	-0,88	-1,17	-1,39	-1,59	-1,79	2,05	0
08/04/2021 14:45:00	2,56	2,02	1,60	1,19	0,82	0,44	0,02	-0,35	-0,66	-0,92	-1,12	-1,30	-1,48	2,27	0
08/04/2021 14:50:00	2,88	2,19	1,75	1,33	0,87	0,42	-0,05	-0,45	-0,79	-1,08	-1,32	-1,55	-1,78	2,88	0
08/04/2021 14:55:00	2,94	2,42	1,90	1,42	0,92	0,36	-0,08	-0,48	-0,85	-1,16	-1,41	-1,64	-1,87	2,60	0
08/04/2021 15:00:00	2,92	2,31	1,78	1,31	0,87	0,40	-0,06	-0,46	-0,80	-1,08	-1,30	-1,50	-1,70	2,78	0
08/04/2021 15:05:00	3,10	2,48	2,02	1,53	1,05	0,54	0,05	-0,38	-0,74	-1,06	-1,32	-1,56	-1,81	3,09	0
08/04/2021 15:10:00	3,23	2,63	2,08	1,67	1,08	0,53	0,02	-0,42	-0,79	-1,11	-1,38	-1,64	-1,90	3,07	0
08/04/2021 15:15:00	3,23	2,71	2,19	1,72	1,11	0,56	0,03	-0,43	-0,81	-1,15	-1,43	-1,69	-1,95	3,26	0
08/04/2021 15:20:00	3,43	2,82	2,27	1,79	1,23	0,67	0,11	-0,35	-0,72	-1,06	-1,33	-1,60	-1,86	3,35	0
08/04/2021 15:25:00	3,58	2,96	2,24	1,75	1,20	0,65	0,17	-0,25	-0,59	-0,88	-1,10	-1,30	-1,51	3,52	0
08/04/2021 15:30:00	3,58	3,02	2,40	1,96	1,42	0,92	0,40	-0,03	-0,37	-0,67	-0,91	-1,13	-1,35	3,53	0
08/04/2021 15:35:00	3,94	3,25	2,54	2,07	1,43	0,87	0,36	-0,08	-0,44	-0,75	-1,01	-1,25	-1,49	3,86	0
08/04/2021 15:40:00	3,94	3,31	2,62	2,08	1,52	0,91	0,37	-0,09	-0,45	-0,77	-1,03	-1,27	-1,51	3,86	0
08/04/2021 15:45:00	4,41	3,44	2,72	2,11	1,61	1,02	0,54	0,13	-0,21	-0,51	-0,75	-0,97	-1,20	4,22	0
08/04/2021 15:50:00	4,49	3,66	2,93	2,42	1,92	1,28	0,70	0,23	-0,13	-0,45	-0,72	-0,99	-1,26	4,62	0
08/04/2021 15:55:00	4,49	3,57	2,78	2,21	1,68	1,13	0,60	0,16	-0,17	-0,46	-0,68	-0,89	-1,10	4,47	0
08/04/2021 16:00:00	4,20	3,57	2,95	2,45	1,99	1,40	0,86	0,42	0,06	-0,26	-0,52	-0,78	-1,03	4,18	0
08/04/2021 16:05:00	4,12	3,64	3,07	2,54	1,96	1,37	0,85	0,40	0,01	-0,33	-0,61	-0,88	-1,15	4,28	0
08/04/2021 16:10:00	4,18	3,70	3,14	2,62	2,00	1,46	0,96	0,52	0,14	-0,19	-0,46	-0,71	-0,97	4,23	0
08/04/2021 16:15:00	4,16	3,76	3,17	2,63	1,98	1,41	0,84	0,36	-0,04	-0,39	-0,68	-0,95	-1,22	4,18	0
08/04/2021 16:20:00	4,21	3,65	3,10	2,56	2,07	1,53	1,02	0,58	0,21	-0,11	-0,37	-0,62	-0,87	4,31	0
08/04/2021 16:25:00	4,21	3,85	3,33	2,90	2,31	1,67	1,11	0,63	0,23	-0,14	-0,46	-0,77	-1,08	4,23	0
08/04/2021 16:30:00	4,35	3,96	3,42	2,88	2,32	1,68	1,15	0,68	0,29	-0,07	-0,38	-0,67	-0,96	4,53	0
08/04/2021 16:35:00	4,43	3,89	3,26	2,70	2,13	1,51	0,98	0,51	0,13	-0,21	-0,49	-0,75	-1,02	4,40	0
08/04/2021 16:40:00	4,42	4,01	3,41	2,89	2,25	1,58	1,03	0,54	0,13	-0,24	-0,57	-0,87	-1,17	4,36	0
08/04/2021 16:45:00	4,59	3,99	3,37	2,88	2,21	1,59	1,03	0,55	0,15	-0,21	-0,52	-0,82	-1,12	4,70	0
08/04/2021 16:50:00	4,62	3,94	3,32	2,80	2,30	1,72	1,19	0,74	0,38	0,06	-0,21	-0,47	-0,73	4,67	0
08/04/2021 16:55:00	4,50	4,16	3,61	3,10	2,55	1,86	1,30	0,81	0,40	0,03	-0,30	-0,61	-0,93	4,96	0
08/04/2021 17:00:00	4,45	4,09	3,58	3,10	2,55	1,89	1,33	0,85	0,45	0,08	-0,24	-0,55	-0,87	4,75	0
08/04/2021 17:05:00	4,43	4,14	3,65	3,16	2,52	1,93	1,34	0,83	0,42	0,05	-0,28	-0,59	-0,90	4,58	0
08/04/2021 17:10:00	4,41	4,08	3,58	3,08	2,57	1,94	1,42	0,96	0,57	0,22	-0,08	-0,37	-0,66	4,80	0
08/04/2021 17:15:00	4,40	4,23	3,74	3,24	2,64	2,06	1,50	1,01	0,61	0,25	-0,06	-0,35	-0,64	4,78	0
08/04/2021 17:20:00	4,28	4,11	3,71	3,24	2,74	2,10	1,54	1,05	0,64	0,26	-0,08	-0,40	-0,72	4,56	0
08/04/2021 17:25:00	4,28	4,16	3,77	3,31	2,76	2,10	1,57	1,10	0,68	0,29	-0,06	-0,38	-0,71	4,64	0
08/04/2021 17:30:00	4,57	4,42	3,93	3,43	2,81	2,21	1,65	1,17	0,75	0,38	0,06	-0,24	-0,54	4,56	0
08/04/2021 17:35:00	3,90	3,56	2,97	2,53	1,89	1,38	0,89	0,46	0,09	-0,23	-0,49	-0,72	-0,96	3,88	0
08/04/2021 17:40:00	3,19	2,33	1,59	1,04	0,73	0,35	0,08	-0,18	-0,43	-0,61	-0,69	-0,76	-0,83	2,93	0
08/04/2021 17:45:00	1,54	1,31	1,13	1,05	0,91	0,80	0,61	0,41	0,18	0,02	-0,08	-0,18	-0,28	1,36	0
08/04/2021 17:50:00	1,16	1,17	1,18	1,11	1,11	1,09	0,96	0,80	0,60	0,45	0,38	0,30	0,23	0,81	0
08/04/2021 17:55:00	0,94	0,95	0,88	0,87	0,93	0,90	0,80	0,66	0,48	0,35	0,31	0,26	0,21	0,76	0
08/04/2021 18:00:00	1,03	1,01	0,94	0,86	0,82	0,77	0,58	0,38	0,17	0,02	-0,06	-0,13	-0,21	0,98	0
08/04/2021 18:05:00	1,05	0,97	0,90	0,81	0,73	0,66	0,49	0,29	0,08	-0,09	-0,18	-0,27	-0,36	1,05	0
08/04/2021 18:10:00	1,23	1,13	0,96	0,77	0,61	0,41	0,20	-0,03	-0,28	-0,47	-0,59	-0,70	-0,82	1,25	0
08/04/2021 18:15:00	1,26	1,14	0,93	0,80	0,54	0,33	0,03	-0,26	-0,53	-0,74	-0,89	-1,03	-1,17	1,20	0
08/04/2021 18:20:00	1,28	1,19	1,00	0,72	0,44	0,17	-0,17	-0,50	-0,80	-1,04	-1,21	-1,37	-1,53	1,31	0
08/04/2021 18:25:00	1,35	1,21	0,96	0,72	0,45	0,09	-0,26	-0,59	-0,90	-1,15	-1,34	-1,52	-1,70	1,28	0
08/04/2021 18:30:00	1,36	1,29	1,02	0,74	0,46	0,11	-0,19	-0,49	-0,79	-1,04	-1,21	-1,36	-1,52	1,46	0
08/04/2021 18:35:00	1,42	1,47	1,28	1,04	0,67	0,28	-0,08	-0,44	-0,78	-1,06	-1,29	-1,50	-1,71	1,44	0
08/04/2021 18:40:00	1,42	1,52	1,40	1,10	0,76	0,34	-0,05	-0,43	-0,79	-1,10	-1,35	-1,58	-1,82	1,42	0
08/04/2021 18:45:00	1,52	1,63	1,45	1,18	0,80	0,39	-0,04	-0,44	-0,79	-1,10	-1,35	-1,58	-1,81	1,52	0
08/04/2021 18:50:00	1,50	1,76	1,64	1,37	1,02	0,59	0,13	-0,29	-0,65	-0,97	-1,24	-1,48	-1,73	1,51	0
08/04/2021 18:55:00	1,51	1,74	1,63	1,31	0,93	0,55	0,18	-0,19	-0,54	-0,85	-1,09	-1,31	-1,53	1,57	0
08/04/2021 19:00:00	1,65	1,91	1,74	1,51	1,09	0,70	0,28	-0,12	-0,48	-0,79	-1,05	-1,29	-1,52	1,64	0
08/04/2021 19:05:00	1,73	2,11	2,02	1,73	1,33	0,88	0,47	0,06	-0,32	-0,66	-0,94	-1,21	-1,47	1,71	0
08/04/2021 19:10:00	1,82	2,11	2,02	1,74	1,39	0,96	0,55	0,16	-0,20	-0,53	-0,80	-1,05	-1,30	1,95	0
08/04/2021 19:15:00	1,96	2,31	2,22	1,98	1,64	1,21	0,81	0,43	0,07	-0,25	-0,52	-0,78	-1,03	1,98	0
08/04/2021 19:20:00	2,07	2,35	2,23	1,99	1,69	1,26	0,87	0,50	0,15	-0,16	-0,42	-0,66	-0,90	2,05	0
08/04/2021 19:25:00	2,14	2,52	2,44	2,22	1,86	1,42	0,98	0,57	0,19	-0,14	-0,42	-0,69	-0,96	2,10	0
08/04/2021 19:30:00	2,21	2,59	2,49	2,21	1,79	1,29	0,87	0,45	0,05	-0,30	-0,60	-0,89	-1,18	2,22	0
08/04/2021 19:35:00	2,33	2,60	2,49	2,16	1,79	1,35	0,90	0,49	0,11	-0,22	-0,50	-0,76	-1,02	2,35	0
08/04/2021 19:40:00	2,29	2,68	2,57	2,23	1,84	1,33	0,89	0,46	0,06	-0,29	-0,59	-0,88	-1,16	2,33	0
08/04/2021 19:45:00	2,30	2,70	2,57	2,27	1,89	1,39	0,95	0,53	0,14	-0,20	-0,50	-0,77	-1,05	2,39	0
08/04/2021 19:50:00	2,21	2,65	2,49	2,21	1,81	1,34	0,91	0,50	0,12	-0,21	-0,48	-0,74	-0,99	2,26	0
08/04/2021 19:55:00	2,30	2,74	2,61	2,31	1,90	1,40	0,90	0,44	0,05	-0,30	-0,60	-0,89	-1,17	2,34	0
08/04/2021 20:00:00	2,36	2,75	2,62	2,35	1,86	1,42	0,99	0,57	0,18	-0,16	-0,45	-0,72	-0,99	2,28	0
08/04/2021 20:05:00	2,28	2,85	2,73	2,40	1,97	1,44	0,96	0,51	0,09	-0,27	-0,58	-0,87	-1,17	2,30	0
08/04/2021 20:10:00	2,33	2,75	2,59	2,29	1,82	1,35	0,91	0,49	0,09	-0,25	-0,54	-0,81	-1,08	2,41	0
08/04/2021 20:15:00	2,45	2,74	2,59	2,25	1,88	1,42	0,96	0,54	0,16	-0,17	-0,45	-0,71	-0,98	2,32	0
08/04/2021 20:20:00	2,28	2,65	2,55	2,20	1,81	1,35	0,85	0,41	0,02	-0,33	-0,62	-0,90	-1,17	2,35	0
08/04/2021 20:25:00	2,26	2,64	2,55	2,27	1,91	1,48	0,99	0,55	0,17	-0,16	-0,45	-0,72	-0,99	2,21	0
08/04/2021 20:30:00	2,25	2,67	2,51	2,21	1,89	1,40	0,97	0,57	0,20	-0,12	-0,39	-0,63	-0,88	2,20	0
08/04/2021 20:35:00	2,32	2,60	2,42	2,11	1,75	1,31	0,91	0,53	0,17	-0,15	-0,40	-0,64	-0,87	2,27	0
08/04/2021 20:40:00	2,30	2,57	2,41	2,12	1,80	1,37	0,95	0,56	0,20	-0,10	-0,35	-0,59	-0,83	2,21	0
08/04/2021 20:45:00	2,15	2,56	2,44	2,17	1,85	1,47	1,04	0,65	0,30	0,00	-0,24	-0,47	-0,70	2,18	0
08/04/2021 20:50:00	2,18	2,66	2,46	2,24	1,89	1,48	1,10	0,72	0,38	0,09	-0,13	-0,35	-0,56	2,24	0
08/04/2021 20:55:00	2,27	2,59	2,47	2,22	1,82	1,43	1,04	0,65	0,29	-0,03	-0,29	-0,54	-0,78	2,19	0
08/04/2021 21:00:00	2,26	2,59	2,44	2,13	1,84	1,41	1,03	0,66	0,30	0,00	-0,24	-0,46	-0,69	2,29	0
08/04/2021 21:05:00	2,29	2,61	2,49	2,30	1,93	1,51	1,12	0,75	0,39	0,07	-0,20	-0,45	-0,70	2,34	0
08/04/2021 21:10:00	2,20	2,60	2,47	2,19	1,86	1,43	0,98	0,58	0,22	-0,10	-0,36	-0,60	-0,85	2,27	0
08/04/2021 21:15:00	2,18	2,65	2,47	2,19	1,80	1,41	0,98	0,58	0,22	-0,08	-0,31	-0,53	-0,75	2,31	0
08/04/2021 21:20:00	2,28	2,61	2,47	2,17	1,82	1,39	0,99	0,60	0,24	-0,08	-0,33	-0,57	-0,81	2,28	0
08/04/2021 21:25:00	2,30	2,70	2,51	2,17	1,76	1,29	0,91	0,53	0,15	-0,18	-0,44	-0,68	-0,93	2,23	0
08/04/2021 21:30:00	2,18	2,45	2,25	2,03	1,64	1,25	0,86	0,48	0,13	-0,17	-0,41	-0,63	-0,86	2,23	0
08/04/2021 21:35:00	2,15	2,35	2,18	1,94	1,62	1,27	0,87	0,50	0,17	-0,11	-0,33	-0,55	-0,76	2,10	0
08/04/2021 21:40:00	1,93	2,23	2,10	1,88	1,51	1,15	0,79	0,44	0,10	-0,20	-0,43	-0,66	-0,88	2,01	0
08/04/2021 21:45:00	1,96	2,29	2,17	1,86	1,53	1,13	0,72	0,34	-0,01	-0,31	-0,55	-0,78	-1,00	1,88	0
08/04/2021 21:50:00	1,92	2,16	2,03	1,78	1,43	1,05	0,65	0,27	-0,08	-0,38	-0,62	-0,85	-1,08	1,94	0
08/04/2021 21:55:00	1,93	2,17	1,99	1,72	1,36	1,05	0,70	0,36	0,03	-0,24	-0,44	-0,62	-0,81	1,81	0
08/04/2021 22:00:00	1,84	2,03	1,82	1,58	1,21	0,89	0,53	0,19	-0,14	-0,41	-0,61	-0,80	-0,98	1,90	0
08/04/2021 22:05:00	1,88	2,03	1,85	1,55	1,20	0,84	0,46	0,10	-0,24	-0,52	-0,74	-0,94	-1,15	1,86	0
08/04/2021 22:10:00	1,75	2,09	1,94	1,64	1,33	0,93	0,47	0,06	-0,29	-0,59	-0,82	-1,04	-1,27	1,77	0
08/04/2021 22:15:00	1,75	2,06	1,95	1,69	1,35	0,95	0,52	0,12	-0,23	-0,54	-0,79	-1,03	-1,27	1,80	0
08/04/2021 22:20:00	1,80	2,07	1,89	1,67	1,25	0,85	0,45	0,06	-0,30	-0,60	-0,85	-1,08	-1,31	1,79	0
08/04/2021 22:25:00	1,76	2,08	1,88	1,61	1,21	0,82	0,40	0,00	-0,35	-0,65	-0,88	-1,10	-1,32	1,78	0
08/04/2021 22:30:00	1,75	2,02	1,78	1,48	1,11	0,72	0,31	-0,08	-0,42	-0,71	-0,93	-1,13	-1,33	1,69	0
08/04/2021 22:35:00	1,59	1,84	1,69	1,43	1,11	0,71	0,30	-0,08	-0,42	-0,71	-0,94	-1,16	-1,38	1,63	0
08/04/2021 22:40:00	1,58	1,75	1,58	1,37	1,02	0,67	0,33	0,00	-0,33	-0,61	-0,82	-1,02	-1,22	1,60	0
08/04/2021 22:45:00	1,49	1,72	1,56	1,34	0,98	0,61	0,22	-0,16	-0,50	-0,79	-1,02	-1,23	-1,45	1,53	0
08/04/2021 22:50:00	1,43	1,74	1,52	1,21	0,87	0,49	0,12	-0,23	-0,57	-0,85	-1,05	-1,24	-1,42	1,48	0
08/04/2021 22:55:00	1,47	1,80	1,64	1,39	1,00	0,57	0,16	-0,24	-0,60	-0,91	-1,16	-1,39	-1,62	1,46	0
08/04/2021 23:00:00	1,50	1,74	1,56	1,25	0,80	0,35	-0,07	-0,47	-0,85	-1,18	-1,44	-1,69	-1,93	1,51	0
08/04/2021 23:05:00	1,49	1,74	1,54	1,16	0,80	0,26	-0,21	-0,64	-1,02	-1,35	-1,63	-1,88	-2,14	1,53	0
08/04/2021 23:10:00	1,41	1,71	1,51	1,21	0,73	0,29	-0,15	-0,56	-0,94	-1,26	-1,52	-1,76	-2,00	1,45	0
08/04/2021 23:15:00	1,40	1,56	1,38	1,05	0,71	0,24	-0,22	-0,63	-1,00	-1,31	-1,57	-1,81	-2,05	1,39	0
08/04/2021 23:20:00	1,35	1,53	1,36	1,05	0,66	0,20	-0,22	-0,62	-0,98	-1,30	-1,55	-1,79	-2,03	1,37	0
08/04/2021 23:25:00	1,35	1,41	1,23	0,85	0,53	0,14	-0,26	-0,64	-0,98	-1,27	-1,48	-1,68	-1,88	1,38	0
08/04/2021 23:30:00	1,36	1,47	1,26	0,98	0,60	0,14	-0,25	-0,62	-0,97	-1,28	-1,52	-1,75	-1,97	1,28	0
08/04/2021 23:35:00	1,27	1,55	1,39	1,07	0,69	0,21	-0,23	-0,64	-1,01	-1,34	-1,60	-1,85	-2,09	1,31	0
08/04/2021 23:40:00	1,29	1,49	1,26	0,95	0,57	0,07	-0,39	-0,81	-1,18	-1,50	-1,76	-2,00	-2,24	1,19	0
08/04/2021 23:45:00	1,32	1,45	1,20	0,90	0,55	0,14	-0,28	-0,66	-1,01	-1,29	-1,51	-1,71	-1,91	1,28	0
08/04/2021 23:50:00	1,25	1,49	1,26	0,91	0,52	0,06	-0,33	-0,72	-1,08	-1,39	-1,62	-1,83	-2,04	1,27	0
08/04/2021 23:55:00	1,25	1,46	1,30	0,96	0,61	0,14	-0,33	-0,75	-1,12	-1,45	-1,71	-1,95	-2,20	1,24	0
