FileFormat:0002.2 file with temperature of atmosphere
200
local	GMT or Local
0	GMT-Local=[hours]
0	Height[m]
0	0	0	Longitude                [grd]               [min]               [sec]
0	0	0	Latitude                [grd]               [min]               [sec]
N	NS
59,40	Freq[GHz]
0,00	dTemostat[K]
0,150	MessErr[K]
0,248	//[grad/step]
version 14.0.20110218
MTP5H033F5940K-33.00D180214+A1.1
Commentary:
enter comment
End Of Commentary

SYSTEM\summer.dat
data time	0	50	100	150	200	250	300	350	400	450	500	550	600	OutsideTemperature	Quality
13/04/2021 00:00:00	10,32	10,80	10,78	10,84	10,99	11,10	11,15	11,12	11,00	10,92	10,88	10,82	10,75	10,37	0
13/04/2021 00:05:00	10,23	10,66	10,67	10,71	10,89	11,09	11,16	11,15	11,05	11,00	11,00	10,96	10,93	10,35	0
13/04/2021 00:10:00	10,21	10,60	10,58	10,69	10,87	11,07	11,20	11,22	11,13	11,10	11,10	11,08	11,05	10,43	0
13/04/2021 00:15:00	10,21	10,56	10,50	10,63	10,83	11,09	11,25	11,30	11,24	11,24	11,28	11,30	11,32	10,31	0
13/04/2021 00:20:00	10,05	10,54	10,54	10,68	10,86	11,10	11,26	11,30	11,22	11,20	11,22	11,22	11,21	10,14	0
13/04/2021 00:25:00	10,14	10,48	10,45	10,55	10,82	11,05	11,22	11,28	11,22	11,21	11,26	11,27	11,28	10,17	0
13/04/2021 00:30:00	10,07	10,59	10,56	10,69	10,93	11,19	11,33	11,37	11,30	11,29	11,34	11,35	11,37	10,14	0
13/04/2021 00:35:00	10,21	10,56	10,54	10,64	10,85	11,17	11,27	11,29	11,23	11,22	11,26	11,27	11,28	10,22	0
13/04/2021 00:40:00	10,00	10,55	10,55	10,62	10,79	10,96	11,11	11,14	11,04	11,00	11,01	11,00	10,99	10,15	0
13/04/2021 00:45:00	10,09	10,41	10,41	10,53	10,77	11,05	11,26	11,34	11,29	11,29	11,35	11,38	11,41	10,09	0
13/04/2021 00:50:00	10,18	10,50	10,47	10,56	10,69	10,99	11,08	11,08	11,00	10,97	10,99	10,99	10,98	10,13	0
13/04/2021 00:55:00	10,10	10,53	10,49	10,59	10,88	11,08	11,18	11,19	11,12	11,09	11,12	11,10	11,09	10,19	0
13/04/2021 01:00:00	10,12	10,61	10,54	10,63	10,77	10,94	11,09	11,11	11,02	10,98	11,00	10,99	10,99	10,15	0
13/04/2021 01:05:00	10,15	10,47	10,43	10,52	10,75	11,00	11,16	11,21	11,15	11,14	11,18	11,20	11,21	10,36	0
13/04/2021 01:10:00	9,98	10,43	10,39	10,56	10,84	11,17	11,30	11,35	11,30	11,32	11,38	11,41	11,44	10,14	0
13/04/2021 01:15:00	10,02	10,40	10,37	10,54	10,82	11,20	11,36	11,43	11,40	11,43	11,51	11,56	11,61	10,13	0
13/04/2021 01:20:00	10,10	10,39	10,36	10,55	10,77	11,05	11,20	11,25	11,18	11,17	11,20	11,20	11,20	10,10	0
13/04/2021 01:25:00	10,01	10,41	10,38	10,49	10,81	11,08	11,28	11,36	11,32	11,34	11,42	11,46	11,51	10,11	0
13/04/2021 01:30:00	10,08	10,42	10,44	10,56	10,82	11,10	11,28	11,34	11,28	11,28	11,32	11,33	11,35	9,85	0
13/04/2021 01:35:00	9,82	10,31	10,28	10,48	10,76	11,05	11,15	11,17	11,11	11,10	11,14	11,14	11,14	9,97	0
13/04/2021 01:40:00	9,87	10,29	10,24	10,40	10,64	11,02	11,18	11,24	11,20	11,23	11,31	11,37	11,42	9,95	0
13/04/2021 01:45:00	9,85	10,18	10,20	10,35	10,61	10,95	11,16	11,24	11,20	11,21	11,29	11,33	11,36	9,87	0
13/04/2021 01:50:00	9,91	10,11	10,07	10,25	10,57	10,93	11,10	11,17	11,15	11,17	11,25	11,29	11,33	9,68	0
13/04/2021 01:55:00	9,64	10,00	10,02	10,14	10,36	10,68	10,82	10,87	10,80	10,80	10,84	10,86	10,87	9,64	0
13/04/2021 02:00:00	9,44	9,87	9,93	10,09	10,41	10,77	10,99	11,09	11,06	11,09	11,18	11,24	11,30	9,58	0
13/04/2021 02:05:00	9,69	10,13	10,09	10,19	10,54	10,87	11,01	11,06	11,03	11,06	11,15	11,20	11,26	9,72	0
13/04/2021 02:10:00	9,71	10,04	9,96	10,05	10,25	10,58	10,84	10,96	10,92	10,96	11,07	11,15	11,24	9,62	0
13/04/2021 02:15:00	9,30	9,77	9,72	9,81	10,07	10,42	10,61	10,69	10,65	10,69	10,79	10,88	10,96	9,45	0
13/04/2021 02:20:00	9,37	9,72	9,62	9,67	9,93	10,30	10,50	10,58	10,55	10,60	10,73	10,84	10,94	9,37	0
13/04/2021 02:25:00	9,28	9,64	9,64	9,86	10,20	10,64	10,90	11,03	11,03	11,10	11,23	11,33	11,43	9,28	0
13/04/2021 02:30:00	9,33	9,75	9,77	9,95	10,28	10,70	10,89	10,98	10,96	11,00	11,10	11,17	11,25	9,33	0
13/04/2021 02:35:00	9,21	9,60	9,63	9,87	10,28	10,67	10,96	11,12	11,12	11,18	11,31	11,40	11,50	9,23	0
13/04/2021 02:40:00	9,15	9,53	9,60	9,88	10,19	10,66	10,90	11,02	11,01	11,06	11,17	11,24	11,31	9,18	0
13/04/2021 02:45:00	9,01	9,45	9,49	9,64	9,96	10,35	10,61	10,73	10,71	10,76	10,88	10,97	11,06	9,07	0
13/04/2021 02:50:00	9,05	9,52	9,48	9,64	9,94	10,36	10,61	10,73	10,72	10,78	10,92	11,03	11,15	8,97	0
13/04/2021 02:55:00	8,93	9,21	9,26	9,56	9,88	10,34	10,62	10,76	10,76	10,82	10,94	11,02	11,10	8,93	0
13/04/2021 03:00:00	8,93	9,51	9,59	9,85	10,31	10,81	11,05	11,19	11,21	11,29	11,44	11,56	11,67	8,94	0
13/04/2021 03:05:00	9,04	9,49	9,60	9,93	10,41	10,96	11,26	11,44	11,48	11,58	11,75	11,88	12,00	8,95	0
13/04/2021 03:10:00	9,00	9,59	9,74	10,13	10,69	11,19	11,52	11,71	11,75	11,86	12,02	12,13	12,25	9,03	0
13/04/2021 03:15:00	9,04	9,50	9,60	9,96	10,27	10,65	10,91	11,03	11,01	11,03	11,11	11,14	11,18	9,03	0
13/04/2021 03:20:00	8,93	9,35	9,45	9,78	10,23	10,68	10,96	11,11	11,13	11,20	11,32	11,40	11,49	8,98	0
13/04/2021 03:25:00	8,91	9,42	9,47	9,85	10,32	10,84	11,15	11,33	11,37	11,48	11,65	11,78	11,91	9,00	0
13/04/2021 03:30:00	8,81	9,42	9,58	9,93	10,36	10,80	11,13	11,29	11,30	11,36	11,49	11,57	11,66	9,00	0
13/04/2021 03:35:00	9,08	9,40	9,51	9,85	10,23	10,70	11,03	11,20	11,22	11,29	11,41	11,49	11,58	8,92	0
13/04/2021 03:40:00	8,88	9,35	9,47	9,88	10,39	11,02	11,32	11,50	11,57	11,69	11,87	12,01	12,15	8,82	0
13/04/2021 03:45:00	8,87	9,29	9,37	9,68	10,21	10,76	11,14	11,37	11,43	11,56	11,77	11,93	12,10	8,85	0
13/04/2021 03:50:00	8,81	9,19	9,34	9,77	10,41	11,03	11,35	11,56	11,64	11,77	11,96	12,10	12,23	8,85	0
13/04/2021 03:55:00	8,90	9,25	9,43	9,92	10,54	11,12	11,54	11,79	11,87	12,00	12,19	12,33	12,46	8,95	0
13/04/2021 04:00:00	8,91	9,27	9,44	9,90	10,45	11,07	11,39	11,59	11,65	11,77	11,93	12,05	12,16	8,92	0
13/04/2021 04:05:00	8,79	9,12	9,25	9,61	10,06	10,57	10,86	11,02	11,04	11,11	11,24	11,33	11,41	8,85	0
13/04/2021 04:10:00	8,98	9,19	9,28	9,67	10,26	10,92	11,25	11,46	11,55	11,69	11,90	12,06	12,22	9,02	0
13/04/2021 04:15:00	8,88	9,16	9,24	9,57	9,97	10,57	10,87	11,05	11,09	11,19	11,36	11,49	11,62	8,85	0
13/04/2021 04:20:00	8,75	9,15	9,21	9,47	9,89	10,40	10,71	10,87	10,90	10,99	11,16	11,29	11,42	8,89	0
13/04/2021 04:25:00	8,78	9,23	9,33	9,67	10,08	10,58	10,89	11,05	11,07	11,15	11,30	11,40	11,51	8,95	0
13/04/2021 04:30:00	8,85	9,17	9,28	9,66	10,18	10,73	11,00	11,16	11,20	11,30	11,45	11,55	11,65	8,72	0
13/04/2021 04:35:00	8,91	9,16	9,25	9,63	10,28	10,88	11,24	11,47	11,57	11,72	11,93	12,10	12,26	8,87	0
13/04/2021 04:40:00	8,91	9,16	9,30	9,68	10,15	10,70	11,02	11,20	11,24	11,34	11,48	11,58	11,68	8,75	0
13/04/2021 04:45:00	8,58	9,04	9,14	9,56	10,04	10,61	11,01	11,24	11,30	11,42	11,61	11,76	11,91	8,67	0
13/04/2021 04:50:00	8,50	8,93	9,13	9,58	10,30	10,86	11,24	11,47	11,55	11,69	11,88	12,02	12,16	8,65	0
13/04/2021 04:55:00	8,55	8,93	9,11	9,53	10,15	10,75	11,06	11,26	11,33	11,45	11,63	11,75	11,88	8,62	0
13/04/2021 05:00:00	8,68	9,00	9,13	9,68	10,25	10,87	11,24	11,48	11,56	11,69	11,87	12,00	12,13	8,85	0
13/04/2021 05:05:00	8,82	9,23	9,38	9,73	10,27	10,81	11,13	11,32	11,36	11,47	11,63	11,75	11,87	8,88	0
13/04/2021 05:10:00	8,77	9,22	9,50	10,05	10,69	11,23	11,59	11,80	11,86	11,96	12,09	12,16	12,24	8,73	0
13/04/2021 05:15:00	8,67	9,22	9,50	9,98	10,51	11,13	11,52	11,74	11,80	11,91	12,07	12,19	12,31	8,88	0
13/04/2021 05:20:00	8,85	9,28	9,52	9,96	10,49	11,03	11,38	11,58	11,62	11,71	11,84	11,93	12,01	8,87	0
13/04/2021 05:25:00	8,90	9,27	9,52	9,96	10,58	11,09	11,43	11,63	11,68	11,77	11,90	11,98	12,07	8,84	0
13/04/2021 05:30:00	8,75	9,24	9,51	10,15	10,71	11,27	11,62	11,83	11,89	11,98	12,10	12,17	12,24	8,82	0
13/04/2021 05:35:00	8,78	9,19	9,47	9,98	10,62	11,21	11,52	11,72	11,78	11,88	12,02	12,11	12,20	8,64	0
13/04/2021 05:40:00	8,74	9,28	9,48	9,94	10,47	11,07	11,42	11,62	11,67	11,77	11,94	12,05	12,17	8,65	0
13/04/2021 05:45:00	8,82	9,17	9,40	9,94	10,47	11,12	11,51	11,74	11,82	11,94	12,11	12,23	12,35	8,84	0
13/04/2021 05:50:00	8,80	9,26	9,44	10,03	10,67	11,27	11,70	11,97	12,06	12,21	12,41	12,55	12,69	8,96	0
13/04/2021 05:55:00	8,83	9,25	9,54	10,06	10,69	11,46	11,80	12,03	12,13	12,28	12,48	12,63	12,77	8,83	0
13/04/2021 06:00:00	8,76	9,23	9,47	10,05	10,77	11,46	11,81	12,04	12,14	12,29	12,48	12,61	12,75	8,98	0
13/04/2021 06:05:00	8,91	9,28	9,48	10,00	10,62	11,23	11,59	11,81	11,89	12,02	12,19	12,31	12,43	9,02	0
13/04/2021 06:10:00	9,02	9,34	9,55	10,03	10,57	11,16	11,49	11,69	11,75	11,85	11,99	12,09	12,18	8,99	0
13/04/2021 06:15:00	9,03	9,28	9,55	10,07	10,66	11,31	11,61	11,80	11,87	11,97	12,11	12,19	12,28	8,99	0
13/04/2021 06:20:00	8,87	9,17	9,41	9,92	10,41	11,12	11,50	11,73	11,80	11,93	12,11	12,23	12,36	8,90	0
13/04/2021 06:25:00	8,92	9,20	9,49	10,03	10,70	11,24	11,57	11,77	11,83	11,92	12,04	12,10	12,16	9,03	0
13/04/2021 06:30:00	8,99	9,32	9,58	10,13	10,66	11,23	11,53	11,70	11,75	11,82	11,92	11,98	12,03	9,00	0
13/04/2021 06:35:00	9,10	9,22	9,43	9,94	10,54	11,19	11,51	11,73	11,81	11,93	12,08	12,18	12,28	9,16	0
13/04/2021 06:40:00	9,10	9,37	9,50	9,97	10,52	11,10	11,39	11,57	11,64	11,74	11,89	11,99	12,09	9,25	0
13/04/2021 06:45:00	9,35	9,50	9,60	10,05	10,50	11,02	11,33	11,52	11,56	11,65	11,77	11,85	11,93	9,42	0
13/04/2021 06:50:00	9,58	9,48	9,49	9,90	10,40	11,00	11,34	11,56	11,64	11,77	11,95	12,08	12,21	9,53	0
13/04/2021 06:55:00	9,58	9,64	9,61	10,04	10,65	11,08	11,41	11,62	11,68	11,79	11,95	12,05	12,15	9,67	0
13/04/2021 07:00:00	9,88	9,82	9,77	10,12	10,52	10,98	11,26	11,42	11,46	11,54	11,67	11,75	11,83	9,85	0
13/04/2021 07:05:00	10,08	9,93	9,81	10,11	10,61	11,18	11,48	11,68	11,76	11,91	12,11	12,26	12,41	10,13	0
13/04/2021 07:10:00	10,16	10,04	9,87	10,17	10,58	11,05	11,36	11,55	11,61	11,72	11,90	12,02	12,15	10,38	0
13/04/2021 07:15:00	10,44	10,16	9,94	10,17	10,49	11,03	11,31	11,49	11,55	11,68	11,86	12,01	12,15	10,49	0
13/04/2021 07:20:00	10,63	10,29	10,00	10,25	10,73	11,15	11,36	11,50	11,56	11,66	11,82	11,92	12,02	10,79	0
13/04/2021 07:25:00	10,78	10,33	10,03	10,20	10,47	10,88	11,11	11,25	11,28	11,36	11,50	11,59	11,69	10,90	0
13/04/2021 07:30:00	10,92	10,36	10,02	10,16	10,59	11,05	11,33	11,51	11,59	11,73	11,93	12,08	12,23	11,01	0
13/04/2021 07:35:00	11,06	10,41	10,03	10,13	10,40	10,86	11,20	11,42	11,48	11,62	11,83	12,01	12,18	11,14	0
13/04/2021 07:40:00	11,17	10,56	10,15	10,25	10,63	11,01	11,16	11,27	11,31	11,40	11,54	11,64	11,73	11,23	0
13/04/2021 07:45:00	11,25	10,68	10,30	10,39	10,66	11,10	11,31	11,44	11,48	11,58	11,75	11,87	11,99	11,35	0
13/04/2021 07:50:00	11,39	10,81	10,42	10,37	10,54	10,84	11,06	11,18	11,18	11,24	11,37	11,47	11,56	11,46	0
13/04/2021 07:55:00	11,53	10,90	10,45	10,50	10,68	11,02	11,20	11,31	11,32	11,39	11,52	11,61	11,70	11,48	0
13/04/2021 08:00:00	11,70	11,00	10,50	10,51	10,76	11,05	11,21	11,31	11,33	11,40	11,53	11,62	11,70	11,66	0
13/04/2021 08:05:00	11,70	11,06	10,54	10,50	10,66	10,87	11,00	11,07	11,05	11,09	11,19	11,25	11,31	11,79	0
13/04/2021 08:10:00	11,85	11,26	10,74	10,69	10,67	10,84	10,91	10,93	10,87	10,86	10,91	10,92	10,93	12,05	0
13/04/2021 08:15:00	11,94	11,25	10,82	10,87	11,04	11,36	11,41	11,44	11,43	11,45	11,51	11,53	11,54	12,22	0
13/04/2021 08:20:00	12,31	11,47	10,88	10,88	11,07	11,33	11,40	11,44	11,44	11,48	11,57	11,61	11,64	12,62	0
13/04/2021 08:25:00	12,71	11,85	11,18	11,09	11,26	11,44	11,50	11,53	11,52	11,56	11,64	11,69	11,73	12,69	0
13/04/2021 08:30:00	12,73	11,79	11,16	11,11	11,32	11,56	11,56	11,56	11,55	11,58	11,65	11,67	11,69	12,70	0
13/04/2021 08:35:00	12,65	11,76	11,03	10,83	10,97	11,21	11,31	11,38	11,39	11,46	11,62	11,73	11,84	12,63	0
13/04/2021 08:40:00	12,64	11,80	11,18	11,03	11,09	11,22	11,27	11,28	11,24	11,24	11,30	11,31	11,33	12,71	0
13/04/2021 08:45:00	12,79	11,86	11,14	10,96	11,00	11,12	11,16	11,16	11,12	11,13	11,20	11,23	11,26	12,70	0
13/04/2021 08:50:00	13,01	12,00	11,33	11,13	11,15	11,22	11,23	11,21	11,14	11,12	11,14	11,13	11,11	12,95	0
13/04/2021 08:55:00	13,24	12,09	11,32	11,04	10,92	10,98	11,06	11,08	11,02	11,02	11,08	11,12	11,15	13,39	0
13/04/2021 09:00:00	13,07	12,25	11,55	11,32	11,33	11,39	11,36	11,32	11,25	11,22	11,24	11,23	11,21	13,20	0
13/04/2021 09:05:00	13,31	12,34	11,56	11,23	11,08	11,12	11,13	11,09	11,01	10,99	11,03	11,04	11,05	13,59	0
13/04/2021 09:10:00	13,34	12,46	11,81	11,55	11,45	11,46	11,46	11,43	11,33	11,28	11,28	11,25	11,22	13,75	0
13/04/2021 09:15:00	13,49	12,49	11,71	11,45	11,38	11,34	11,33	11,28	11,19	11,14	11,14	11,11	11,07	14,05	0
13/04/2021 09:20:00	13,39	12,59	11,90	11,63	11,52	11,49	11,42	11,33	11,21	11,14	11,10	11,04	10,98	13,95	0
13/04/2021 09:25:00	13,83	12,73	11,95	11,76	11,66	11,67	11,63	11,57	11,49	11,44	11,42	11,36	11,31	14,17	0
13/04/2021 09:30:00	13,96	12,93	12,06	11,74	11,72	11,80	11,72	11,65	11,59	11,58	11,62	11,63	11,63	14,91	0
13/04/2021 09:35:00	13,97	13,03	12,22	12,01	12,00	12,00	11,94	11,88	11,80	11,75	11,75	11,70	11,66	14,44	0
13/04/2021 09:40:00	14,39	13,08	12,22	11,89	11,85	11,88	11,84	11,80	11,73	11,71	11,73	11,71	11,69	15,07	0
13/04/2021 09:45:00	14,29	13,32	12,43	12,09	12,02	12,01	11,96	11,91	11,83	11,81	11,84	11,84	11,84	15,09	0
13/04/2021 09:50:00	14,50	13,41	12,62	12,29	12,10	12,06	11,94	11,83	11,70	11,61	11,56	11,47	11,38	15,58	0
13/04/2021 09:55:00	14,68	13,46	12,66	12,32	12,17	12,08	11,98	11,88	11,75	11,66	11,60	11,50	11,40	15,49	0
13/04/2021 10:00:00	14,57	13,49	12,72	12,42	12,28	12,27	12,36	12,37	12,29	12,27	12,31	12,32	12,33	15,60	0
13/04/2021 10:05:00	14,68	13,75	13,04	12,78	12,65	12,73	12,61	12,51	12,41	12,34	12,30	12,23	12,16	15,67	0
13/04/2021 10:10:00	14,93	13,84	13,16	12,84	12,70	12,59	12,48	12,36	12,21	12,09	11,99	11,86	11,72	15,65	0
13/04/2021 10:15:00	15,06	13,84	13,12	12,76	12,51	12,40	12,30	12,19	12,04	11,92	11,83	11,70	11,58	15,96	0
13/04/2021 10:20:00	15,12	14,01	13,33	13,08	12,90	12,79	12,63	12,48	12,33	12,18	12,04	11,86	11,68	16,55	0
13/04/2021 10:25:00	15,41	14,27	13,54	13,11	12,88	12,79	12,62	12,47	12,31	12,18	12,07	11,94	11,81	16,71	0
13/04/2021 10:30:00	15,68	14,44	13,67	13,41	13,26	13,05	12,79	12,59	12,40	12,21	12,01	11,76	11,51	17,14	0
13/04/2021 10:35:00	15,56	14,50	13,69	13,34	13,09	12,93	12,74	12,57	12,41	12,27	12,14	11,98	11,82	16,65	0
13/04/2021 10:40:00	15,83	14,70	13,86	13,40	13,14	12,96	12,79	12,62	12,46	12,32	12,21	12,08	11,94	17,18	0
13/04/2021 10:45:00	16,01	14,76	13,86	13,41	13,15	12,99	12,80	12,64	12,48	12,35	12,24	12,11	11,97	17,69	0
13/04/2021 10:50:00	16,07	14,94	14,03	13,58	13,24	12,96	12,75	12,55	12,36	12,19	12,04	11,87	11,69	16,79	0
13/04/2021 10:55:00	16,16	15,11	14,21	13,84	13,55	13,36	13,22	13,08	12,92	12,80	12,70	12,57	12,44	16,99	0
13/04/2021 11:00:00	16,32	15,07	14,23	13,82	13,51	13,34	13,15	12,98	12,81	12,66	12,53	12,37	12,20	17,49	0
13/04/2021 11:05:00	16,76	15,39	14,43	13,90	13,57	13,29	13,03	12,81	12,61	12,44	12,27	12,08	11,89	18,15	0
13/04/2021 11:10:00	16,78	15,49	14,50	14,02	13,71	13,51	13,36	13,21	13,06	12,94	12,85	12,73	12,62	18,27	0
13/04/2021 11:15:00	16,72	15,55	14,59	14,05	13,64	13,39	13,20	13,02	12,83	12,69	12,57	12,44	12,30	17,79	0
13/04/2021 11:20:00	16,75	15,46	14,67	14,28	13,98	13,80	13,64	13,49	13,32	13,17	13,02	12,85	12,67	18,11	0
13/04/2021 11:25:00	16,87	15,76	14,98	14,57	14,28	13,99	13,76	13,55	13,34	13,14	12,94	12,71	12,48	18,55	0
13/04/2021 11:30:00	17,14	15,96	14,91	14,46	14,15	13,87	13,65	13,45	13,28	13,12	12,99	12,82	12,65	18,53	0
13/04/2021 11:35:00	17,19	16,06	15,21	14,73	14,36	14,08	13,87	13,68	13,48	13,30	13,14	12,95	12,76	18,74	0
13/04/2021 11:40:00	17,09	16,07	15,26	14,86	14,55	14,31	14,09	13,90	13,70	13,52	13,35	13,15	12,94	18,52	0
13/04/2021 11:45:00	17,36	16,45	15,56	15,10	14,71	14,33	14,01	13,73	13,48	13,25	13,00	12,73	12,46	18,89	0
13/04/2021 11:50:00	17,48	16,66	15,86	15,37	14,89	14,50	14,16	13,86	13,58	13,31	13,04	12,75	12,45	19,02	0
13/04/2021 11:55:00	17,67	16,95	15,99	15,51	15,09	14,71	14,38	14,10	13,85	13,63	13,41	13,16	12,91	19,44	0
13/04/2021 12:00:00	17,74	17,01	16,09	15,51	15,07	14,72	14,35	14,04	13,78	13,54	13,32	13,07	12,82	19,70	0
13/04/2021 12:05:00	17,72	17,15	16,27	15,76	15,33	14,96	14,62	14,32	14,06	13,82	13,59	13,34	13,09	20,06	0
13/04/2021 12:10:00	17,90	17,24	16,30	15,75	15,36	15,01	14,67	14,38	14,14	13,92	13,71	13,48	13,25	19,44	0
13/04/2021 12:15:00	17,80	17,42	16,73	16,25	15,77	15,32	14,89	14,52	14,20	13,88	13,54	13,18	12,82	19,89	0
13/04/2021 12:20:00	18,09	17,54	16,66	16,07	15,53	15,09	14,72	14,40	14,11	13,84	13,58	13,31	13,03	19,85	0
13/04/2021 12:25:00	18,22	17,74	16,93	16,39	15,88	15,40	14,91	14,51	14,17	13,84	13,48	13,09	12,71	19,96	0
13/04/2021 12:30:00	18,48	17,82	16,89	16,31	15,86	15,45	15,02	14,67	14,39	14,11	13,83	13,53	13,23	20,24	0
13/04/2021 12:35:00	18,87	17,91	16,91	16,38	15,92	15,58	15,29	15,04	14,81	14,60	14,40	14,18	13,96	20,46	0
13/04/2021 12:40:00	19,07	18,05	17,17	16,64	16,10	15,61	15,23	14,90	14,60	14,30	13,98	13,64	13,29	21,04	0
13/04/2021 12:45:00	19,03	18,05	17,08	16,60	16,20	15,85	15,52	15,25	15,01	14,78	14,54	14,27	14,00	20,57	0
13/04/2021 12:50:00	19,03	18,00	17,19	16,66	16,18	15,79	15,50	15,23	14,97	14,71	14,45	14,17	13,88	20,62	0
13/04/2021 12:55:00	19,07	18,43	17,53	16,91	16,40	15,95	15,54	15,19	14,89	14,60	14,31	14,00	13,69	21,27	0
13/04/2021 13:00:00	19,19	18,31	17,35	16,83	16,34	15,91	15,51	15,18	14,89	14,61	14,31	13,98	13,65	21,10	0
13/04/2021 13:05:00	19,41	18,57	17,69	17,11	16,67	16,23	15,81	15,47	15,17	14,88	14,57	14,22	13,88	21,48	0
13/04/2021 13:10:00	19,75	18,74	17,84	17,35	16,97	16,57	16,18	15,87	15,60	15,32	15,00	14,66	14,31	21,58	0
13/04/2021 13:15:00	19,63	18,97	18,12	17,61	16,93	16,29	15,81	15,38	15,01	14,62	14,20	13,75	13,30	21,96	0
13/04/2021 13:20:00	19,47	18,76	18,07	17,64	17,14	16,62	16,14	15,74	15,39	15,01	14,58	14,11	13,64	21,47	0
13/04/2021 13:25:00	19,53	18,83	18,08	17,51	16,95	16,48	16,03	15,64	15,30	14,96	14,58	14,18	13,77	21,38	0
13/04/2021 13:30:00	19,48	18,85	18,08	17,59	17,11	16,64	16,22	15,86	15,54	15,21	14,85	14,47	14,08	21,14	0
13/04/2021 13:35:00	19,48	18,89	18,13	17,57	16,98	16,43	15,98	15,59	15,24	14,88	14,50	14,10	13,70	21,31	0
13/04/2021 13:40:00	19,56	19,09	18,33	17,78	17,23	16,63	16,15	15,74	15,37	15,00	14,59	14,17	13,74	21,16	0
13/04/2021 13:45:00	19,49	18,92	18,12	17,63	17,16	16,70	16,31	15,98	15,68	15,38	15,06	14,71	14,36	21,64	0
13/04/2021 13:50:00	19,91	19,00	18,14	17,65	17,21	16,79	16,41	16,09	15,81	15,52	15,19	14,83	14,48	22,09	0
13/04/2021 13:55:00	19,67	18,84	18,05	17,60	17,17	16,71	16,29	15,94	15,64	15,31	14,94	14,54	14,14	21,90	0
13/04/2021 14:00:00	19,84	19,11	18,29	17,81	17,37	16,90	16,50	16,16	15,86	15,56	15,22	14,85	14,48	21,83	0
13/04/2021 14:05:00	19,74	19,20	18,40	17,85	17,28	16,80	16,37	16,01	15,68	15,36	15,01	14,64	14,27	21,58	0
13/04/2021 14:10:00	19,81	19,12	18,42	17,98	17,53	17,12	16,74	16,41	16,11	15,79	15,44	15,05	14,67	21,84	0
13/04/2021 14:15:00	19,68	19,06	18,33	17,77	17,37	17,00	16,54	16,16	15,85	15,53	15,16	14,77	14,38	21,73	0
13/04/2021 14:20:00	19,74	19,21	18,53	18,00	17,50	17,00	16,54	16,14	15,79	15,43	15,02	14,59	14,15	21,74	0
13/04/2021 14:25:00	19,77	19,05	18,34	17,87	17,43	16,98	16,57	16,22	15,91	15,58	15,22	14,83	14,43	21,66	0
13/04/2021 14:30:00	19,94	19,27	18,42	17,77	17,21	16,72	16,27	15,88	15,55	15,23	14,89	14,52	14,16	21,91	0
13/04/2021 14:35:00	19,99	19,25	18,48	17,99	17,57	17,07	16,60	16,22	15,90	15,55	15,16	14,73	14,30	22,03	0
13/04/2021 14:40:00	20,12	19,46	18,64	18,08	17,52	16,98	16,50	16,10	15,75	15,40	15,00	14,58	14,15	22,03	0
13/04/2021 14:45:00	19,63	19,16	18,40	17,90	17,44	16,99	16,58	16,23	15,92	15,60	15,26	14,90	14,53	21,86	0
13/04/2021 14:50:00	19,84	19,23	18,53	18,05	17,63	17,16	16,72	16,35	16,02	15,68	15,29	14,87	14,45	22,06	0
13/04/2021 14:55:00	19,63	19,22	18,57	18,11	17,65	17,14	16,71	16,33	15,99	15,64	15,24	14,82	14,39	21,99	0
13/04/2021 15:00:00	19,66	19,34	18,82	18,24	17,66	17,12	16,62	16,18	15,79	15,38	14,93	14,45	13,98	22,03	0
13/04/2021 15:05:00	19,62	19,30	18,66	18,18	17,68	17,16	16,68	16,27	15,91	15,53	15,11	14,65	14,20	21,72	0
13/04/2021 15:10:00	19,32	19,21	18,72	18,24	17,74	17,24	16,75	16,32	15,94	15,55	15,10	14,63	14,17	21,71	0
13/04/2021 15:15:00	19,91	19,54	18,92	18,51	18,09	17,61	17,16	16,77	16,44	16,07	15,66	15,21	14,77	21,72	0
13/04/2021 15:20:00	19,89	19,62	19,01	18,51	18,07	17,57	17,06	16,64	16,28	15,89	15,46	15,00	14,54	22,18	0
13/04/2021 15:25:00	19,84	19,56	18,96	18,50	18,02	17,55	17,11	16,73	16,39	16,03	15,62	15,19	14,77	21,89	0
13/04/2021 15:30:00	19,93	19,55	18,91	18,37	17,92	17,46	17,00	16,60	16,26	15,91	15,52	15,11	14,69	21,64	0
13/04/2021 15:35:00	19,57	19,48	19,01	18,58	18,10	17,62	17,15	16,74	16,37	15,98	15,54	15,07	14,61	21,53	0
13/04/2021 15:40:00	19,71	19,76	19,31	18,88	18,41	17,93	17,44	17,02	16,65	16,25	15,80	15,32	14,85	21,53	0
13/04/2021 15:45:00	20,04	20,11	19,62	19,16	18,67	18,21	17,75	17,35	16,99	16,61	16,19	15,75	15,30	21,42	0
13/04/2021 15:50:00	20,13	20,02	19,51	19,06	18,63	18,18	17,75	17,37	17,02	16,66	16,25	15,81	15,38	21,67	0
13/04/2021 15:55:00	20,40	20,17	19,56	19,01	18,53	18,08	17,66	17,28	16,95	16,61	16,24	15,85	15,46	21,76	0
13/04/2021 16:00:00	20,05	20,10	19,71	19,33	18,89	18,44	18,00	17,61	17,25	16,87	16,43	15,97	15,50	21,53	0
13/04/2021 16:05:00	20,25	20,44	20,02	19,62	19,18	18,70	18,25	17,84	17,48	17,09	16,66	16,19	15,73	21,51	0
13/04/2021 16:10:00	20,35	20,43	20,01	19,57	19,15	18,72	18,28	17,89	17,54	17,18	16,76	16,32	15,89	21,69	0
13/04/2021 16:15:00	20,45	20,54	20,15	19,76	19,35	18,89	18,44	18,05	17,69	17,31	16,87	16,41	15,94	21,73	0
13/04/2021 16:20:00	20,40	20,54	20,18	19,83	19,40	18,91	18,45	18,04	17,66	17,26	16,78	16,28	15,78	21,83	0
13/04/2021 16:25:00	20,58	20,64	20,18	19,71	19,23	18,72	18,27	17,87	17,51	17,13	16,70	16,25	15,79	21,98	0
13/04/2021 16:30:00	20,95	20,93	20,45	20,04	19,62	19,16	18,74	18,37	18,03	17,67	17,25	16,81	16,37	21,99	0
13/04/2021 16:35:00	20,88	21,03	20,57	20,17	19,72	19,25	18,82	18,44	18,09	17,72	17,29	16,84	16,39	22,06	0
13/04/2021 16:40:00	20,89	21,01	20,55	20,07	19,63	19,15	18,71	18,31	17,96	17,60	17,19	16,75	16,32	21,91	0
13/04/2021 16:45:00	21,09	21,29	20,85	20,48	20,01	19,54	19,08	18,68	18,31	17,92	17,47	16,99	16,51	21,88	0
13/04/2021 16:50:00	21,06	21,28	20,85	20,43	19,95	19,47	19,05	18,67	18,31	17,95	17,53	17,10	16,66	21,73	0
13/04/2021 16:55:00	21,11	21,25	20,83	20,46	20,03	19,56	19,13	18,74	18,39	18,01	17,57	17,10	16,63	22,00	0
13/04/2021 17:00:00	21,01	21,23	20,85	20,46	20,02	19,52	19,06	18,65	18,28	17,88	17,42	16,94	16,45	21,85	0
13/04/2021 17:05:00	21,26	21,56	21,16	20,76	20,28	19,76	19,32	18,92	18,55	18,17	17,72	17,26	16,79	21,76	0
13/04/2021 17:10:00	21,23	21,59	21,17	20,75	20,27	19,78	19,35	18,96	18,60	18,22	17,80	17,35	16,90	21,93	0
13/04/2021 17:15:00	21,54	21,83	21,48	21,11	20,67	20,19	19,78	19,40	19,04	18,66	18,23	17,76	17,30	21,80	0
13/04/2021 17:20:00	21,83	22,19	21,85	21,47	21,06	20,60	20,17	19,78	19,42	19,04	18,60	18,12	17,65	21,86	0
13/04/2021 17:25:00	21,83	22,28	21,94	21,56	21,14	20,70	20,26	19,86	19,50	19,12	18,68	18,21	17,74	21,84	0
13/04/2021 17:30:00	21,92	22,33	21,98	21,61	21,21	20,77	20,35	19,97	19,62	19,24	18,81	18,35	17,89	21,94	0
13/04/2021 17:35:00	21,92	22,35	22,04	21,69	21,27	20,81	20,39	20,01	19,65	19,27	18,82	18,35	17,88	21,89	0
13/04/2021 17:40:00	21,92	22,35	22,04	21,65	21,18	20,70	20,28	19,88	19,52	19,13	18,69	18,22	17,75	21,79	0
13/04/2021 17:45:00	21,70	22,18	21,90	21,57	21,17	20,69	20,26	19,87	19,50	19,10	18,63	18,14	17,64	21,76	0
13/04/2021 17:50:00	21,63	22,06	21,83	21,49	21,11	20,63	20,17	19,76	19,38	18,97	18,48	17,96	17,45	21,60	0
13/04/2021 17:55:00	21,58	22,06	21,80	21,46	21,00	20,49	20,02	19,60	19,20	18,78	18,28	17,76	17,23	21,61	0
13/04/2021 18:00:00	21,41	21,86	21,61	21,27	20,85	20,42	19,99	19,59	19,22	18,82	18,36	17,87	17,38	21,37	0
13/04/2021 18:05:00	21,29	21,83	21,63	21,31	20,91	20,46	20,04	19,64	19,27	18,87	18,40	17,91	17,41	21,16	0
13/04/2021 18:10:00	21,15	21,71	21,52	21,21	20,80	20,34	19,91	19,51	19,13	18,73	18,25	17,75	17,25	21,19	0
13/04/2021 18:15:00	21,14	21,70	21,51	21,17	20,77	20,33	19,93	19,55	19,18	18,80	18,35	17,88	17,40	21,07	0
13/04/2021 18:20:00	21,04	21,66	21,50	21,19	20,80	20,40	19,98	19,60	19,24	18,85	18,41	17,93	17,45	21,07	0
13/04/2021 18:25:00	20,93	21,59	21,49	21,20	20,80	20,36	19,91	19,50	19,11	18,69	18,20	17,67	17,15	20,84	0
13/04/2021 18:30:00	20,83	21,56	21,44	21,16	20,72	20,26	19,84	19,45	19,06	18,65	18,17	17,67	17,17	20,90	0
13/04/2021 18:35:00	20,88	21,50	21,35	21,09	20,71	20,31	19,90	19,51	19,15	18,75	18,28	17,78	17,29	20,67	0
13/04/2021 18:40:00	20,70	21,49	21,39	21,11	20,74	20,29	19,85	19,43	19,05	18,63	18,14	17,62	17,10	20,61	0
13/04/2021 18:45:00	20,66	21,41	21,25	20,97	20,61	20,20	19,80	19,42	19,06	18,68	18,24	17,77	17,30	20,61	0
13/04/2021 18:50:00	20,74	21,36	21,24	21,00	20,65	20,25	19,85	19,47	19,11	18,71	18,24	17,75	17,25	20,56	0
13/04/2021 18:55:00	20,49	21,17	21,07	20,82	20,49	20,10	19,70	19,32	18,96	18,57	18,11	17,62	17,13	20,49	0
13/04/2021 19:00:00	20,54	21,15	21,08	20,85	20,50	20,09	19,71	19,34	18,98	18,59	18,13	17,64	17,16	20,52	0
13/04/2021 19:05:00	20,57	21,22	21,13	20,84	20,46	20,06	19,64	19,24	18,87	18,47	18,00	17,50	17,01	20,52	0
13/04/2021 19:10:00	20,42	21,14	21,10	20,83	20,48	20,07	19,64	19,25	18,87	18,46	17,97	17,46	16,95	20,61	0
13/04/2021 19:15:00	20,37	21,12	21,04	20,79	20,44	20,05	19,67	19,30	18,94	18,56	18,12	17,65	17,18	20,31	0
13/04/2021 19:20:00	20,40	21,13	21,05	20,77	20,44	20,05	19,62	19,23	18,86	18,47	18,00	17,51	17,01	20,34	0
13/04/2021 19:25:00	20,31	21,09	21,06	20,80	20,45	20,06	19,67	19,30	18,94	18,55	18,09	17,61	17,13	20,33	0
13/04/2021 19:30:00	20,20	20,98	20,99	20,73	20,41	20,09	19,71	19,34	18,99	18,61	18,16	17,69	17,22	20,23	0
13/04/2021 19:35:00	20,27	20,99	21,00	20,75	20,39	20,01	19,65	19,29	18,93	18,55	18,10	17,63	17,16	20,30	0
13/04/2021 19:40:00	20,26	21,11	21,09	20,86	20,58	20,21	19,82	19,44	19,08	18,70	18,24	17,76	17,27	20,28	0
13/04/2021 19:45:00	20,11	21,07	21,14	20,91	20,59	20,24	19,87	19,50	19,13	18,75	18,30	17,82	17,34	19,79	0
13/04/2021 19:50:00	19,91	20,83	20,86	20,68	20,40	20,05	19,67	19,31	18,96	18,58	18,13	17,65	17,18	19,98	0
13/04/2021 19:55:00	19,98	20,75	20,77	20,61	20,31	19,98	19,66	19,33	18,99	18,63	18,20	17,75	17,29	19,92	0
13/04/2021 20:00:00	19,85	20,77	20,88	20,76	20,49	20,10	19,72	19,35	18,98	18,57	18,07	17,54	17,02	19,69	0
13/04/2021 20:05:00	19,84	20,73	20,80	20,61	20,34	20,02	19,66	19,30	18,95	18,57	18,12	17,64	17,17	19,78	0
13/04/2021 20:10:00	19,71	20,75	20,83	20,70	20,47	20,15	19,78	19,42	19,07	18,69	18,23	17,75	17,27	19,59	0
13/04/2021 20:15:00	19,69	20,67	20,77	20,62	20,37	20,06	19,70	19,36	19,01	18,64	18,20	17,73	17,26	19,61	0
13/04/2021 20:20:00	19,64	20,60	20,69	20,57	20,31	20,03	19,70	19,37	19,04	18,67	18,25	17,79	17,34	19,69	0
13/04/2021 20:25:00	19,58	20,61	20,74	20,64	20,38	20,05	19,71	19,36	19,01	18,63	18,17	17,68	17,20	19,52	0
13/04/2021 20:30:00	19,38	20,47	20,76	20,68	20,48	20,19	19,86	19,53	19,18	18,79	18,32	17,83	17,33	19,09	0
13/04/2021 20:35:00	19,27	20,44	20,69	20,58	20,35	20,07	19,71	19,35	18,99	18,59	18,12	17,63	17,13	18,92	0
13/04/2021 20:40:00	19,31	20,43	20,58	20,45	20,19	19,85	19,52	19,18	18,83	18,46	18,02	17,56	17,09	18,72	0
13/04/2021 20:45:00	19,31	20,45	20,55	20,41	20,19	19,88	19,54	19,20	18,85	18,49	18,07	17,62	17,17	19,06	0
13/04/2021 20:50:00	19,23	20,43	20,54	20,36	20,13	19,84	19,46	19,09	18,74	18,37	17,94	17,48	17,02	18,99	0
13/04/2021 20:55:00	19,17	20,35	20,55	20,41	20,18	19,82	19,47	19,11	18,75	18,36	17,91	17,42	16,94	19,02	0
13/04/2021 21:00:00	19,11	20,23	20,38	20,24	19,99	19,71	19,37	19,03	18,69	18,32	17,90	17,45	16,99	18,72	0
13/04/2021 21:05:00	19,00	20,18	20,35	20,20	19,98	19,66	19,32	18,98	18,63	18,27	17,84	17,39	16,94	18,47	0
13/04/2021 21:10:00	18,96	20,14	20,29	20,14	19,84	19,53	19,17	18,81	18,45	18,06	17,62	17,15	16,69	18,64	0
13/04/2021 21:15:00	19,02	20,00	20,11	20,03	19,78	19,51	19,24	18,95	18,64	18,30	17,91	17,49	17,07	18,79	0
13/04/2021 21:20:00	19,05	20,05	20,13	19,97	19,71	19,41	19,07	18,74	18,40	18,04	17,63	17,19	16,74	18,87	0
13/04/2021 21:25:00	18,91	19,91	19,98	19,83	19,61	19,36	19,06	18,75	18,43	18,10	17,72	17,31	16,91	18,57	0
13/04/2021 21:30:00	18,88	19,83	19,90	19,73	19,45	19,21	18,97	18,70	18,39	18,09	17,75	17,39	17,03	18,48	0
13/04/2021 21:35:00	18,72	19,82	19,92	19,82	19,64	19,37	19,05	18,73	18,40	18,06	17,66	17,23	16,81	18,37	0
13/04/2021 21:40:00	18,75	19,73	19,78	19,63	19,44	19,20	18,90	18,60	18,29	17,97	17,61	17,22	16,83	18,39	0
13/04/2021 21:45:00	18,69	19,63	19,75	19,61	19,42	19,21	18,94	18,66	18,36	18,05	17,70	17,31	16,93	18,34	0
13/04/2021 21:50:00	18,41	19,43	19,64	19,58	19,45	19,30	19,04	18,77	18,48	18,17	17,80	17,41	17,01	18,14	0
13/04/2021 21:55:00	18,41	19,52	19,67	19,57	19,40	19,20	18,93	18,64	18,33	18,02	17,66	17,27	16,88	18,09	0
13/04/2021 22:00:00	18,57	19,35	19,44	19,40	19,26	19,09	18,87	18,62	18,34	18,05	17,71	17,33	16,95	18,07	0
13/04/2021 22:05:00	18,04	19,11	19,21	19,11	18,92	18,70	18,41	18,12	17,81	17,49	17,13	16,74	16,35	18,10	0
13/04/2021 22:10:00	18,02	19,04	19,12	19,02	18,87	18,74	18,49	18,23	17,95	17,67	17,35	17,00	16,66	17,96	0
13/04/2021 22:15:00	17,95	18,88	18,97	18,88	18,81	18,66	18,43	18,18	17,91	17,64	17,32	16,98	16,63	17,77	0
13/04/2021 22:20:00	17,94	18,83	18,94	18,88	18,76	18,64	18,40	18,16	17,88	17,60	17,28	16,92	16,56	17,72	0
13/04/2021 22:25:00	17,95	18,78	18,80	18,74	18,61	18,45	18,25	18,03	17,77	17,51	17,21	16,88	16,56	17,67	0
13/04/2021 22:30:00	17,81	18,67	18,78	18,79	18,69	18,50	18,28	18,05	17,77	17,48	17,14	16,76	16,39	17,52	0
13/04/2021 22:35:00	17,78	18,64	18,70	18,63	18,54	18,43	18,23	18,01	17,76	17,51	17,22	16,90	16,58	17,24	0
13/04/2021 22:40:00	17,72	18,60	18,68	18,66	18,60	18,46	18,22	17,98	17,72	17,45	17,13	16,77	16,42	17,46	0
13/04/2021 22:45:00	17,85	18,56	18,67	18,64	18,59	18,46	18,23	17,99	17,73	17,45	17,12	16,75	16,39	17,50	0
13/04/2021 22:50:00	17,75	18,52	18,61	18,60	18,48	18,36	18,22	18,03	17,79	17,55	17,27	16,96	16,65	17,17	0
13/04/2021 22:55:00	17,88	18,54	18,53	18,49	18,45	18,39	18,19	17,99	17,76	17,53	17,26	16,95	16,65	17,36	0
13/04/2021 23:00:00	17,77	18,50	18,56	18,58	18,57	18,48	18,29	18,09	17,86	17,61	17,32	16,99	16,66	17,31	0
13/04/2021 23:05:00	17,89	18,42	18,40	18,36	18,31	18,21	18,06	17,87	17,65	17,42	17,16	16,86	16,57	17,27	0
13/04/2021 23:10:00	17,74	18,37	18,43	18,38	18,32	18,23	18,07	17,88	17,65	17,42	17,15	16,85	16,55	17,21	0
13/04/2021 23:15:00	17,31	18,04	18,14	18,16	18,05	17,92	17,77	17,58	17,33	17,08	16,79	16,47	16,15	17,14	0
13/04/2021 23:20:00	17,29	18,00	18,06	18,06	18,01	17,92	17,77	17,59	17,36	17,13	16,86	16,56	16,26	17,13	0
13/04/2021 23:25:00	17,14	17,86	18,00	18,04	18,03	17,96	17,83	17,66	17,44	17,21	16,95	16,64	16,34	16,92	0
13/04/2021 23:30:00	17,21	17,93	18,03	18,06	18,03	17,92	17,74	17,54	17,30	17,04	16,74	16,40	16,07	16,81	0
13/04/2021 23:35:00	17,10	17,90	18,07	18,04	17,98	17,88	17,73	17,53	17,28	17,03	16,74	16,42	16,10	16,96	0
13/04/2021 23:40:00	17,00	17,85	17,97	18,05	17,99	17,86	17,72	17,53	17,29	17,04	16,75	16,42	16,09	17,02	0
13/04/2021 23:45:00	17,03	17,74	17,87	17,94	17,95	17,91	17,75	17,56	17,34	17,10	16,82	16,50	16,18	16,77	0
13/04/2021 23:50:00	16,93	17,71	17,87	17,92	17,88	17,78	17,61	17,40	17,16	16,90	16,59	16,25	15,91	16,55	0
13/04/2021 23:55:00	16,85	17,72	17,81	17,83	17,75	17,63	17,45	17,23	16,98	16,73	16,44	16,11	15,79	16,10	0
